VARIABLES="Period (s)" "|Fx| (N/m)" "|Fy| (N/m)" "|Fz| (N/m)" "|Cx| (N)" "|Cy| (N)" "|Cz| (N)" "ang(Fx) (°)" "ang(Fy) (°)" "ang(Fz) (°)" "ang(Cx) (°)" "ang(Cy) (°)" "ang(Cz) (°)"
Zone t="Corps  1"
Zone t="Diffraction force - beta =   0.000 deg",I=   300,F=POINT
 0.0200  0.369360E-02  0.388325E-04  0.492919E+03  0.475626E-05  0.349346E-03  0.540013E-12    0.00 -270.00  -90.00  -90.00 -179.93   90.00
 0.0400  0.152424E-01  0.831202E-04  0.492906E+03  0.197902E-05  0.143122E-02  0.142108E-12   -0.02   90.00  -90.00  -90.00 -180.06  -90.00
 0.0600  0.343254E-01  0.514965E-04  0.492885E+03  0.170135E-04  0.322138E-02  0.369480E-12    0.00   90.00  -90.00 -270.00 -180.04   89.99
 0.0800  0.609678E-01  0.485030E-04  0.492855E+03  0.611058E-05  0.572482E-02  0.198950E-12    0.00   90.00  -90.00  -90.00 -180.00  -89.99
 0.1000  0.952643E-01  0.922221E-05  0.492817E+03  0.924446E-06  0.894476E-02  0.341054E-12   -0.01  -90.00  -90.00 -270.00 -179.99  -89.98
 0.1200  0.137289E+00  0.953676E-04  0.492770E+03  0.693630E-05  0.128845E-01  0.198952E-12    0.01  -90.00  -90.00   90.00 -180.00 -269.99
 0.1400  0.186912E+00  0.191281E-03  0.492716E+03  0.831413E-05  0.175375E-01  0.540035E-12    0.00  -90.00  -90.00  -90.00 -180.00  -90.00
 0.1600  0.243851E+00  0.141414E-03  0.492651E+03  0.563471E-05  0.228983E-01  0.142157E-12    0.00 -270.00  -90.00  -90.00 -180.00  -90.00
 0.1800  0.308982E+00  0.188516E-04  0.492580E+03  0.405224E-05  0.289879E-01  0.767390E-12    0.00  -90.00  -90.00 -270.00 -180.00  -89.98
 0.2000  0.381009E+00  0.842002E-04  0.492497E+03  0.658679E-06  0.357769E-01  0.142036E-12    0.00  -90.00  -90.00  -90.00 -180.00  -89.92
 0.2200  0.461402E+00  0.279902E-04  0.492409E+03  0.358388E-04  0.432909E-01  0.142060E-12    0.00  -90.00  -90.00  -90.00 -180.00  -90.11
 0.2400  0.549034E+00  0.128314E-03  0.492311E+03  0.124276E-04  0.515293E-01  0.341123E-12    0.00  -90.00  -90.00   90.00 -180.00 -269.97
 0.2600  0.643761E+00  0.862297E-04  0.492203E+03  0.180493E-04  0.604211E-01  0.113742E-12    0.00   90.00  -90.00  -90.00 -180.00  -90.07
 0.2800  0.747496E+00  0.562857E-04  0.492091E+03  0.107050E-04  0.701407E-01  0.596925E-12    0.00   90.00  -90.00  -90.00 -180.00  -89.96
 0.3000  0.857866E+00  0.991560E-04  0.491968E+03  0.101404E-04  0.805180E-01  0.851686E-13    0.00  -90.00  -90.00  -90.00 -180.00  -89.79
 0.3200  0.975092E+00  0.226365E-04  0.491831E+03  0.195838E-04  0.915739E-01  0.568698E-13    0.00  -90.00  -90.00  -90.00 -180.00   88.80
 0.3400  0.110132E+01  0.199912E-03  0.491694E+03  0.138630E-05  0.103334E+00  0.284107E-12    0.00  -90.00  -90.00  -90.03 -180.00  -90.11
 0.3600  0.123544E+01  0.607151E-04  0.491547E+03  0.163816E-04  0.115918E+00  0.170498E-12    0.00  -89.99  -90.00   90.00 -180.00   89.38
 0.3800  0.137593E+01  0.344380E-04  0.491389E+03  0.326791E-06  0.129151E+00  0.312434E-12    0.00   89.98  -90.00 -269.92 -180.00 -269.73
 0.4000  0.152324E+01  0.587004E-04  0.491217E+03  0.499192E-05  0.143057E+00  0.568436E-12    0.00  -90.01  -90.00   90.00 -180.00   89.84
 0.4200  0.167965E+01  0.155912E-04  0.491045E+03  0.287269E-04  0.157655E+00  0.570262E-13    0.00  -90.03  -90.00  -90.00 -180.00   88.63
 0.4400  0.184461E+01  0.146587E-03  0.490866E+03  0.194385E-04  0.173105E+00  0.572407E-13    0.00   89.99  -90.00 -270.00 -180.00 -269.00
 0.4600  0.201670E+01  0.293293E-04  0.490675E+03  0.100356E-04  0.189278E+00  0.567638E-13    0.00   89.98  -90.00  -90.00 -180.00  -91.91
 0.4800  0.219447E+01  0.458022E-04  0.490474E+03  0.391881E-04  0.206004E+00  0.571669E-13    0.00  -89.99  -90.00  -90.00 -180.00   88.55
 0.5000  0.237922E+01  0.743949E-04  0.490258E+03  0.360962E-06  0.223453E+00  0.142137E-12    0.00 -269.99  -90.00  -89.94 -180.00 -269.80
 0.5200  0.257297E+01  0.137972E-04  0.490040E+03  0.341806E-04  0.241549E+00  0.796114E-12    0.00  -89.98  -90.00  -90.00 -180.00  -90.08
 0.5400  0.277604E+01  0.575561E-04  0.489820E+03  0.341348E-05  0.260516E+00  0.170302E-12    0.00  -90.00  -90.00   89.99 -180.00 -269.08
 0.5600  0.298708E+01  0.140311E-05  0.489589E+03  0.180409E-04  0.280368E+00  0.170197E-12    0.00  -89.62  -90.00   89.99 -180.00  -90.07
 0.5800  0.320453E+01  0.964595E-04  0.489348E+03  0.153203E-04  0.300816E+00  0.170919E-12    0.00  -89.99  -90.00 -269.98 -180.00 -269.96
 0.6000  0.342747E+01  0.877477E-04  0.489094E+03  0.286963E-04  0.321803E+00  0.198747E-12    0.00 -269.98  -90.00   90.00 -180.00   88.45
 0.6200  0.365721E+01  0.160492E-04  0.488827E+03  0.124818E-04  0.343454E+00  0.566512E-13    0.00   89.94  -90.00   89.99 -180.00  -93.15
 0.6400  0.389546E+01  0.777883E-04  0.488547E+03  0.267919E-06  0.365969E+00  0.477525E-14    0.00  -90.00  -90.00   89.93 -180.00 -181.33
 0.6600  0.414262E+01  0.108369E-03  0.488274E+03  0.200792E-04  0.388999E+00  0.142894E-12    0.00 -270.00  -90.00  -90.01 -180.00  -86.75
 0.6800  0.439883E+01  0.930894E-04  0.487991E+03  0.190483E-04  0.412925E+00  0.481898E-12    0.00  -90.01  -90.00 -269.99 -180.00 -269.71
 0.7000  0.466319E+01  0.120925E-03  0.487697E+03  0.536938E-05  0.437818E+00  0.561931E-13    0.00  -90.00  -90.00 -269.96 -180.00  -91.36
 0.7200  0.493364E+01  0.121746E-04  0.487391E+03  0.107542E-04  0.463170E+00  0.227276E-12    0.00  -89.90  -90.00  -90.02 -180.00  -89.38
 0.7400  0.521129E+01  0.411125E-04  0.487072E+03  0.124657E-04  0.489394E+00  0.682037E-12    0.00   89.98  -90.00  -90.02 -180.00  -90.51
 0.7600  0.549344E+01  0.115090E-03  0.486756E+03  0.180064E-04  0.515714E+00  0.170810E-12    0.00  -89.98  -90.00  -90.02 -180.00  -89.74
 0.7800  0.578363E+01  0.109993E-03  0.486430E+03  0.109775E-04  0.542946E+00  0.682190E-12    0.00  -90.00  -89.99  -90.00 -180.00 -269.65
 0.8000  0.608249E+01  0.971493E-05  0.486094E+03  0.102847E-04  0.571094E+00  0.140593E-12    0.00   89.91  -89.99   89.97 -180.00  -94.17
 0.8200  0.639069E+01  0.355334E-04  0.485746E+03  0.839808E-05  0.600057E+00  0.562458E-13    0.00   89.92  -89.99  -90.01 -180.00  -87.17
 0.8400  0.670795E+01  0.649832E-04  0.485388E+03  0.891244E-05  0.629879E+00  0.340616E-12    0.00  -90.04  -89.99 -269.97 -180.00  -90.00
 0.8600  0.703336E+01  0.167770E-04  0.485022E+03  0.302456E-04  0.660451E+00  0.140433E-14    0.00  -89.89  -89.99  -90.00 -180.00  -71.57
 0.8800  0.736558E+01  0.136354E-03  0.484655E+03  0.588838E-05  0.691580E+00  0.201784E-12    0.00 -269.97  -89.99   89.97 -180.00  -92.33
 0.9000  0.770597E+01  0.851261E-04  0.484278E+03  0.189976E-04  0.723552E+00  0.113784E-12    0.00   89.99  -89.99  -90.02 -180.00  -86.53
 0.9200  0.805324E+01  0.431237E-04  0.483891E+03  0.243613E-04  0.756270E+00  0.398374E-12    0.00 -269.96  -89.99  -90.00 -180.00  -91.50
 0.9400  0.840454E+01  0.575954E-04  0.483493E+03  0.179912E-04  0.789351E+00  0.140285E-12    0.00   89.99  -89.99   90.00 -180.00   88.28
 0.9600  0.876280E+01  0.297739E-04  0.483084E+03  0.108771E-04  0.823038E+00  0.278964E-13    0.00  -90.02  -89.99 -269.99 -180.00   76.18
 0.9800  0.912770E+01  0.825930E-04  0.482664E+03  0.384998E-05  0.857445E+00  0.142178E-14    0.00  -89.97  -89.99   89.99 -180.00 -141.34
 1.0000  0.949884E+01  0.917824E-04  0.482243E+03  0.102274E-05  0.892278E+00  0.427777E-12    0.00  -89.96  -89.99   89.48 -180.00  -90.36
 1.0200  0.988385E+01  0.293963E-04  0.481817E+03  0.770416E-05  0.928449E+00  0.863799E-13    0.00  -90.04  -89.98 -269.91 -180.00  -89.41
 1.0400  0.102765E+02  0.240960E-05  0.481380E+03  0.688152E-05  0.965424E+00  0.708989E-12    0.00  -89.83  -89.98  -90.02 -180.00 -269.91
 1.0600  0.106778E+02  0.601879E-04  0.480935E+03  0.230407E-04  0.100326E+01  0.597111E-12    0.00  -90.12  -89.98 -269.99 -180.00 -268.74
 1.0800  0.110860E+02  0.467193E-04  0.480478E+03  0.947301E-05  0.104174E+01  0.763060E-12    0.00   89.98  -89.98  -90.08 -180.00  -90.17
 1.1000  0.114996E+02  0.123675E-04  0.480011E+03  0.744283E-05  0.108062E+01  0.483973E-12    0.00  -89.71  -89.98  -89.97 -180.00   88.63
 1.1200  0.119221E+02  0.485981E-04  0.479532E+03  0.208709E-04  0.112040E+01  0.312981E-12    0.00  -89.98  -89.98  -90.01 -180.00  -88.41
 1.1400  0.123516E+02  0.695591E-05  0.479044E+03  0.152937E-05  0.116082E+01  0.114577E-12    0.00  -90.18  -89.98  -90.20 -180.00   89.67
 1.1600  0.127848E+02  0.453576E-04  0.478561E+03  0.132905E-04  0.120140E+01  0.254396E-12    0.00  -90.07  -89.97  -90.07 -180.00  -92.00
 1.1800  0.132262E+02  0.398987E-04  0.478069E+03  0.459312E-05  0.124292E+01  0.319659E-13    0.00  -90.22  -89.97  -89.89 -180.00   73.45
 1.2000  0.136748E+02  0.105524E-03  0.477566E+03  0.360089E-05  0.128516E+01  0.911073E-12    0.00 -269.93  -89.97  -90.06 -180.00  -90.42
 1.2200  0.141298E+02  0.755921E-04  0.477054E+03  0.680254E-05  0.132806E+01  0.894355E-13    0.00 -269.94  -89.97 -269.97 -180.00   80.28
 1.2400  0.145906E+02  0.140825E-04  0.476532E+03  0.227475E-04  0.137160E+01  0.605347E-13    0.00  -90.73  -89.97 -269.98 -180.00 -252.50
 1.2600  0.150567E+02  0.704375E-04  0.475999E+03  0.120826E-04  0.141553E+01  0.169366E-12    0.00 -269.97  -89.96   89.97 -180.00  -87.45
 1.2800  0.155364E+02  0.100200E-04  0.475456E+03  0.253239E-04  0.146073E+01  0.653462E-12    0.00  -91.15  -89.96 -269.99 -180.00 -268.56
 1.3000  0.160224E+02  0.367645E-04  0.474900E+03  0.300570E-05  0.150664E+01  0.311518E-12    0.00  -89.84  -89.96  -90.00 -180.00  -86.98
 1.3200  0.165164E+02  0.685307E-05  0.474340E+03  0.776729E-05  0.155320E+01  0.109344E-13    0.00  -88.73  -89.96  -90.04 -180.00 -167.09
 1.3400  0.170185E+02  0.708762E-04  0.473783E+03  0.210195E-04  0.160027E+01  0.252828E-12    0.00 -269.97  -89.95  -90.00 -180.00  -88.09
 1.3600  0.175307E+02  0.943716E-04  0.473216E+03  0.187757E-04  0.164848E+01  0.225533E-12    0.00 -269.92  -89.95   89.97 -180.00   87.86
 1.3800  0.180516E+02  0.487059E-04  0.472641E+03  0.129073E-04  0.169753E+01  0.708564E-12    0.00  -89.90  -89.95  -89.91 -180.00   89.57
 1.4000  0.185809E+02  0.131185E-03  0.472057E+03  0.162450E-04  0.174740E+01  0.314871E-12    0.00   89.99  -89.95 -269.90 -180.00  -90.48
 1.4200  0.191182E+02  0.327005E-04  0.471463E+03  0.116245E-04  0.179814E+01  0.453645E-12    0.00  -90.20  -89.94  -89.98 -180.00  -89.66
 1.4400  0.196603E+02  0.461442E-04  0.470858E+03  0.800101E-05  0.184927E+01  0.511623E-12    0.00 -269.56  -89.94   89.97 -180.00  -89.35
 1.4600  0.202048E+02  0.286924E-04  0.470243E+03  0.915486E-05  0.190059E+01  0.224309E-12    0.00  -89.89  -89.94 -269.82 -180.00  -88.87
 1.4800  0.207563E+02  0.534555E-04  0.469618E+03  0.171478E-04  0.195260E+01  0.119062E-12    0.00   89.81  -89.93   89.96 -180.00  -93.85
 1.5000  0.213123E+02  0.107018E-03  0.468980E+03  0.227601E-05  0.200517E+01  0.955360E-13    0.00 -269.93  -89.93  -89.41 -180.00 -249.88
 1.5200  0.218732E+02  0.223794E-04  0.468336E+03  0.117304E-04  0.205816E+01  0.397022E-12    0.00   89.57  -89.93  -90.04 -180.00 -266.67
 1.5400  0.224379E+02  0.417408E-04  0.467700E+03  0.137506E-04  0.211124E+01  0.287894E-12    0.00  -90.38  -89.92   89.93 -180.00  -91.68
 1.5600  0.230093E+02  0.131788E-03  0.467055E+03  0.134063E-04  0.216505E+01  0.171016E-12    0.00 -269.90  -89.92 -269.91 -180.00   81.64
 1.5800  0.235884E+02  0.440264E-04  0.466401E+03  0.187043E-04  0.221970E+01  0.254058E-12    0.00  -89.74  -89.91 -269.98 -180.00 -269.00
 1.6000  0.241813E+02  0.885508E-04  0.465739E+03  0.149090E-04  0.227575E+01  0.197652E-12    0.00   89.87  -89.91 -269.92 -180.00  -91.03
 1.6200  0.247849E+02  0.125421E-04  0.465068E+03  0.289467E-05  0.233278E+01  0.887912E-12    0.00 -269.49  -89.90 -269.74 -180.00 -268.85
 1.6400  0.253987E+02  0.159818E-03  0.464387E+03  0.896953E-06  0.239094E+01  0.269764E-13    0.00   89.96  -89.90   89.87 -180.00  -69.78
 1.6600  0.260189E+02  0.213086E-03  0.463696E+03  0.208217E-05  0.244964E+01  0.426660E-12    0.00  -90.07  -89.90  -88.69 -180.00 -266.54
 1.6800  0.266455E+02  0.774163E-04  0.462995E+03  0.882819E-05  0.250880E+01  0.201728E-12    0.00 -269.88  -89.89  -90.06 -180.00  -82.16
 1.7000  0.272813E+02  0.218033E-03  0.462283E+03  0.375164E-04  0.256879E+01  0.199023E-12    0.00  -90.06  -89.89 -269.90 -180.00 -268.47
 1.7200  0.279253E+02  0.631841E-04  0.461562E+03  0.288011E-05  0.262972E+01  0.566018E-13    0.00  -89.78  -89.88  -89.77 -180.00   26.57
 1.7400  0.285752E+02  0.155962E-04  0.460828E+03  0.568276E-05  0.269122E+01  0.219229E-13    0.00 -269.32  -89.87   89.99 -180.00  -96.98
 1.7600  0.292318E+02  0.693004E-04  0.460096E+03  0.162864E-05  0.275319E+01  0.337583E-12    0.00 -269.86  -89.87  -89.35 -180.00   88.79
 1.7800  0.298943E+02  0.133145E-04  0.459369E+03  0.226100E-04  0.281546E+01  0.284230E-12    0.00  -90.55  -89.86   89.97 -180.00  -89.46
 1.8000  0.305657E+02  0.818286E-04  0.458634E+03  0.215600E-04  0.287867E+01  0.943739E-13    0.00 -269.67  -89.86  -89.78 -180.00   74.72
 1.8200  0.312435E+02  0.877764E-04  0.457889E+03  0.173292E-05  0.294266E+01  0.203845E-12   -0.01 -269.90  -89.85  -91.31 -180.01  -89.50
 1.8400  0.319254E+02  0.563956E-04  0.457137E+03  0.255331E-04  0.300713E+01  0.521309E-13   -0.01  -89.70  -89.84  -90.02 -180.01   76.20
 1.8600  0.326148E+02  0.916123E-05  0.456377E+03  0.311921E-04  0.307237E+01  0.544693E-13   -0.01 -266.99  -89.84 -269.94 -180.01 -245.94
 1.8800  0.333096E+02  0.191180E-04  0.455608E+03  0.415086E-06  0.313820E+01  0.317542E-12   -0.01  -90.67  -89.83 -265.29 -180.01  -85.67
 1.9000  0.340105E+02  0.990378E-04  0.454829E+03  0.544513E-05  0.320471E+01  0.216273E-12   -0.01  -89.88  -89.82  -89.32 -180.01  -83.63
 1.9200  0.347140E+02  0.454528E-04  0.454041E+03  0.384601E-05  0.327141E+01  0.854223E-13   -0.01  -89.76  -89.82 -269.68 -180.01  -98.97
 1.9400  0.354210E+02  0.224498E-04  0.453243E+03  0.696310E-05  0.333833E+01  0.130305E-12   -0.01 -269.70  -89.81  -90.48 -180.01 -117.61
 1.9600  0.361340E+02  0.443534E-04  0.452436E+03  0.972009E-05  0.340581E+01  0.146324E-12   -0.01  -90.03  -89.80  -89.76 -180.01  -86.87
 1.9800  0.368525E+02  0.896271E-04  0.451618E+03  0.322706E-04  0.347399E+01  0.127615E-11   -0.01   89.49  -89.79  -89.91 -180.01  -88.80
 2.0000  0.375808E+02  0.795665E-04  0.450790E+03  0.197600E-04  0.354317E+01  0.768818E-12   -0.01  -90.12  -89.79  -90.01 -180.01  -84.76
 2.0200  0.383216E+02  0.990047E-04  0.449951E+03  0.396716E-05  0.361353E+01  0.256130E-12   -0.01   89.97  -89.78   88.98 -180.01  -98.78
 2.0400  0.390698E+02  0.153201E-03  0.449129E+03  0.193870E-05  0.368418E+01  0.898161E-12   -0.01   89.78  -89.77   89.90 -180.01  -91.25
 2.0600  0.398274E+02  0.383785E-04  0.448304E+03  0.273054E-05  0.375560E+01  0.448192E-12   -0.01  -90.33  -89.76   88.56 -180.01  -87.16
 2.0800  0.405956E+02  0.121555E-03  0.447469E+03  0.889355E-06  0.382825E+01  0.493834E-12   -0.01 -269.90  -89.75  -80.00 -180.01   89.69
 2.1000  0.413730E+02  0.921283E-04  0.446626E+03  0.850631E-06  0.390185E+01  0.228594E-12   -0.01   89.64  -89.74 -266.70 -180.01  -83.08
 2.1200  0.421567E+02  0.378676E-04  0.445776E+03  0.180037E-05  0.397609E+01  0.628906E-12   -0.01  -91.57  -89.73   87.88 -180.01 -269.11
 2.1400  0.429495E+02  0.792574E-05  0.444919E+03  0.573447E-05  0.405135E+01  0.401976E-12   -0.01  -87.81  -89.72  -90.86 -180.01   87.09
 2.1600  0.437490E+02  0.942191E-04  0.444053E+03  0.238620E-05  0.412713E+01  0.751425E-12   -0.01  -89.96  -89.71  -90.70 -180.01   89.53
 2.1800  0.445579E+02  0.227603E-04  0.443178E+03  0.786071E-06  0.420411E+01  0.227486E-12   -0.01  -90.32  -89.70 -263.70 -180.01   84.62
 2.2000  0.453712E+02  0.942167E-04  0.442295E+03  0.187984E-04  0.428142E+01  0.601081E-13   -0.02  -90.49  -89.69  -89.97 -180.02 -108.97
 2.2200  0.461889E+02  0.139336E-04  0.441404E+03  0.556679E-05  0.435909E+01  0.343252E-12   -0.02   87.43  -89.68  -89.23 -180.02  -92.82
 2.2400  0.470113E+02  0.294687E-04  0.440504E+03  0.117363E-04  0.443707E+01  0.138490E-12   -0.02  -89.66  -89.67  -89.72 -180.02 -250.52
 2.2600  0.478413E+02  0.132781E-03  0.439595E+03  0.222529E-05  0.451576E+01  0.570327E-12   -0.02 -269.85  -89.66  -89.56 -180.02   88.84
 2.2800  0.486783E+02  0.435074E-04  0.438676E+03  0.124986E-04  0.459521E+01  0.761195E-13   -0.02  -89.51  -89.65   89.98 -180.02  -41.69
 2.3000  0.495195E+02  0.164723E-03  0.437748E+03  0.126210E-04  0.467528E+01  0.532907E-13   -0.02  -90.10  -89.64  -89.52 -180.02  -36.87
 2.3200  0.503651E+02  0.470504E-04  0.436810E+03  0.102123E-06  0.475577E+01  0.259038E-12   -0.02   89.46  -89.62   53.05 -180.02 -260.93
 2.3400  0.512163E+02  0.726879E-05  0.435871E+03  0.160507E-05  0.483668E+01  0.884842E-13   -0.02   86.38  -89.61  -96.19 -180.02 -199.34
 2.3600  0.520705E+02  0.104167E-04  0.434949E+03  0.118036E-04  0.491748E+01  0.155106E-12   -0.02  -94.02  -89.60  -90.60 -180.02  -75.41
 2.3800  0.529311E+02  0.650546E-04  0.434022E+03  0.135824E-05  0.499881E+01  0.489931E-12   -0.02   88.74  -89.59 -264.37 -180.02  -92.70
 2.4000  0.537993E+02  0.266859E-04  0.433086E+03  0.143325E-04  0.508115E+01  0.710542E-14   -0.03 -269.87  -89.57  -90.21 -180.03    0.00
 2.4200  0.546737E+02  0.329447E-04  0.432142E+03  0.900475E-05  0.516422E+01  0.679964E-13   -0.03  -91.70  -89.56  -89.86 -180.03   23.89
 2.4400  0.555513E+02  0.904311E-04  0.431193E+03  0.146044E-04  0.524760E+01  0.170208E-12   -0.03 -269.41  -89.54  -89.93 -180.03   60.63
 2.4600  0.564349E+02  0.703778E-04  0.430235E+03  0.182590E-05  0.533180E+01  0.579455E-12   -0.03   89.65  -89.53 -266.77 -180.03  -94.92
 2.4800  0.573241E+02  0.508298E-04  0.429272E+03  0.188243E-04  0.541653E+01  0.749446E-13   -0.03   89.89  -89.52   89.83 -180.03 -211.43
 2.5000  0.582172E+02  0.442719E-04  0.428301E+03  0.945225E-08  0.550164E+01  0.206432E-12   -0.03  -90.63  -89.50 -103.35 -180.03  -86.55
 2.5200  0.591280E+02  0.430452E-04  0.427322E+03  0.474943E-06  0.558873E+01  0.462129E-12   -0.03   87.69  -89.49  -87.90 -180.03 -268.02
 2.5400  0.600466E+02  0.103003E-04  0.426335E+03  0.124442E-04  0.567644E+01  0.309086E-12   -0.04 -105.08  -89.47   89.23 -180.04   90.00
 2.5600  0.609727E+02  0.355154E-05  0.425341E+03  0.239277E-06  0.576480E+01  0.932756E-13   -0.04  -97.56  -89.45  -76.73 -180.04 -268.91
 2.5800  0.619051E+02  0.284325E-04  0.424339E+03  0.156754E-04  0.585359E+01  0.394883E-12   -0.04   89.72  -89.44   88.92 -180.04   83.80
 2.6000  0.628466E+02  0.141351E-03  0.423329E+03  0.167298E-05  0.594324E+01  0.678903E-12   -0.04  -89.96  -89.42   85.40 -180.04 -268.20
 2.6200  0.637975E+02  0.282241E-04  0.422312E+03  0.209358E-04  0.603378E+01  0.528514E-12   -0.04  -89.51  -89.41  -89.80 -180.04 -269.23
 2.6400  0.647559E+02  0.117062E-03  0.421285E+03  0.468284E-05  0.612531E+01  0.213769E-12   -0.04  -89.03  -89.39 -267.53 -180.04 -244.93
 2.6600  0.657195E+02  0.118099E-03  0.420250E+03  0.152615E-04  0.621736E+01  0.561801E-12   -0.05  -90.58  -89.37  -89.95 -180.05 -266.01
 2.6800  0.666904E+02  0.120967E-03  0.419206E+03  0.576790E-05  0.631013E+01  0.557957E-12   -0.05 -269.88  -89.35  -91.11 -180.05   88.54
 2.7000  0.676678E+02  0.535829E-04  0.418161E+03  0.505553E-05  0.640342E+01  0.292101E-12   -0.05   88.20  -89.34 -268.15 -180.05  -94.18
 2.7200  0.686493E+02  0.491648E-04  0.417139E+03  0.159949E-04  0.649662E+01  0.938112E-13   -0.05   88.78  -89.32  -91.28 -180.05 -198.78
 2.7400  0.696386E+02  0.115495E-04  0.416113E+03  0.112628E-04  0.659047E+01  0.202935E-12   -0.06 -264.64  -89.30  -89.48 -180.06   83.47
 2.7600  0.706362E+02  0.417008E-04  0.415082E+03  0.569989E-05  0.668518E+01  0.508671E-13   -0.06  -90.85  -89.28   87.92 -180.06  -65.22
 2.7800  0.716428E+02  0.636251E-04  0.414042E+03  0.790808E-05  0.678112E+01  0.346199E-12   -0.06 -268.63  -89.26 -269.10 -180.06 -111.36
 2.8000  0.726557E+02  0.120306E-04  0.412997E+03  0.204364E-06  0.687767E+01  0.198191E-12   -0.06 -259.89  -89.24 -133.73 -180.06   87.95
 2.8200  0.736720E+02  0.315057E-04  0.411946E+03  0.102123E-04  0.697455E+01  0.338960E-12   -0.07  -88.64  -89.22  -89.11 -180.07  -86.70
 2.8400  0.746967E+02  0.115637E-03  0.410889E+03  0.976103E-05  0.707246E+01  0.568504E-13   -0.07 -269.88  -89.20 -268.83 -180.07 -180.90
 2.8600  0.757288E+02  0.115712E-04  0.409827E+03  0.104969E-04  0.717110E+01  0.396137E-12   -0.07  -85.90  -89.18  -89.97 -180.07  -93.86
 2.8800  0.767631E+02  0.835410E-05  0.408759E+03  0.233392E-04  0.726982E+01  0.542630E-12   -0.07  -93.77  -89.16  -90.02 -180.07  -93.19
 2.9000  0.778064E+02  0.150601E-03  0.407683E+03  0.303733E-04  0.736987E+01  0.449797E-12   -0.08   89.55  -89.14  -90.39 -180.08 -259.53
 2.9200  0.788539E+02  0.212838E-04  0.406602E+03  0.464325E-05  0.747029E+01  0.568446E-12   -0.08  -93.58  -89.11  -91.97 -180.08   86.78
 2.9400  0.799035E+02  0.155611E-03  0.405514E+03  0.848683E-05  0.757086E+01  0.311476E-12   -0.08 -269.54  -89.09   89.38 -180.08  -93.60
 2.9600  0.809553E+02  0.103681E-04  0.404420E+03  0.126303E-04  0.767156E+01  0.627651E-12   -0.09   88.10  -89.07   89.43 -180.09  -77.91
 2.9800  0.820109E+02  0.345290E-05  0.403320E+03  0.100977E-04  0.777251E+01  0.250657E-12   -0.09 -166.07  -89.05   89.31 -180.09 -129.10
 3.0000  0.830724E+02  0.834009E-04  0.402213E+03  0.191312E-04  0.787400E+01  0.209979E-12   -0.09  -89.40  -89.02  -90.55 -180.09 -209.38
 3.0200  0.841394E+02  0.817035E-04  0.401100E+03  0.329612E-06  0.797605E+01  0.234486E-12   -0.10 -269.07  -89.00  -88.60 -180.10 -105.83
 3.0400  0.852116E+02  0.718994E-04  0.399979E+03  0.243365E-04  0.807882E+01  0.169686E-12   -0.10  -89.11  -88.97   88.71 -180.10 -263.99
 3.0600  0.862871E+02  0.243104E-03  0.398851E+03  0.151046E-04  0.818217E+01  0.247418E-12   -0.11 -269.98  -88.95  -90.99 -180.11 -248.96
 3.0800  0.873638E+02  0.531561E-05  0.397715E+03  0.560845E-05  0.828561E+01  0.269304E-12   -0.11 -260.12  -88.93  -88.71 -180.11 -261.66
 3.1000  0.884454E+02  0.109666E-03  0.396572E+03  0.323492E-05  0.838958E+01  0.710987E-13   -0.11  -89.86  -88.90  -86.09 -180.11   77.01
 3.1200  0.895302E+02  0.428131E-04  0.395436E+03  0.409274E-05  0.849369E+01  0.238694E-12   -0.12 -269.58  -88.87   86.53 -180.12 -255.34
 3.1400  0.906159E+02  0.574407E-04  0.394323E+03  0.181533E-04  0.859739E+01  0.779980E-13   -0.12   88.99  -88.85   89.01 -180.12 -210.07
 3.1600  0.917156E+02  0.564167E-04  0.393206E+03  0.758411E-05  0.870234E+01  0.784217E-13   -0.13 -269.07  -88.82  -90.05 -180.13   76.91
 3.1800  0.928288E+02  0.103326E-03  0.392087E+03  0.494503E-05  0.880849E+01  0.702084E-12   -0.13   89.06  -88.79  -96.40 -180.13  -83.90
 3.2000  0.939558E+02  0.733723E-04  0.390958E+03  0.347156E-04  0.891652E+01  0.409707E-12   -0.14  -89.24  -88.77  -89.94 -180.14   73.37
 3.2200  0.950930E+02  0.234823E-04  0.389825E+03  0.328608E-05  0.902551E+01  0.117293E-12   -0.14  -88.03  -88.74  -88.53 -180.14  -88.26
 3.2400  0.962375E+02  0.497477E-04  0.388688E+03  0.250203E-05  0.913520E+01  0.132037E-12   -0.15 -269.71  -88.71  -96.71 -180.15 -213.48
 3.2600  0.973881E+02  0.106539E-03  0.387548E+03  0.217672E-05  0.924556E+01  0.340190E-12   -0.15  -87.65  -88.68 -259.09 -180.15   65.31
 3.2800  0.985481E+02  0.353943E-05  0.386402E+03  0.978520E-05  0.935707E+01  0.831365E-12   -0.16  -63.31  -88.65  -88.39 -180.16   89.51
 3.3000  0.997178E+02  0.102900E-03  0.385253E+03  0.129706E-04  0.946950E+01  0.189871E-12   -0.16 -269.90  -88.62  -90.21 -180.16   79.22
 3.3200  0.100891E+03  0.108693E-03  0.384100E+03  0.618469E-05  0.958211E+01  0.374319E-12   -0.17 -268.40  -88.59   89.92 -180.17  -73.46
 3.3400  0.102073E+03  0.486103E-04  0.382940E+03  0.194337E-04  0.969593E+01  0.788830E-13   -0.17   88.80  -88.56 -268.91 -180.17 -144.16
 3.3600  0.103266E+03  0.187421E-04  0.381776E+03  0.112507E-04  0.981088E+01  0.365001E-12   -0.18  -84.67  -88.53 -267.28 -180.18  -93.91
 3.3800  0.104460E+03  0.870068E-05  0.380606E+03  0.129800E-04  0.992595E+01  0.111501E-12   -0.19   85.20  -88.50  -92.20 -180.19   59.35
 3.4000  0.105659E+03  0.706583E-04  0.379431E+03  0.892504E-05  0.100414E+02  0.860021E-13   -0.19  -89.47  -88.47  -87.15 -180.19  -38.29
 3.4200  0.106861E+03  0.716872E-04  0.378253E+03  0.159799E-04  0.101571E+02  0.800150E-13   -0.20   88.64  -88.44  -90.33 -180.20  -92.54
 3.4400  0.108068E+03  0.303878E-04  0.377069E+03  0.116163E-04  0.102731E+02  0.566836E-12   -0.21  -88.65  -88.40  -90.41 -180.21  -88.56
 3.4600  0.109283E+03  0.124234E-03  0.375881E+03  0.144315E-05  0.103898E+02  0.287616E-12   -0.21  -89.20  -88.37 -267.22 -180.21 -107.99
 3.4800  0.110505E+03  0.117619E-03  0.374688E+03  0.504396E-05  0.105072E+02  0.808476E-12   -0.22  -89.18  -88.34  -85.68 -180.22  -84.45
 3.5000  0.111733E+03  0.167010E-03  0.373490E+03  0.132396E-04  0.106253E+02  0.453928E-13   -0.23  -89.71  -88.30   89.05 -180.23 -149.42
 3.5200  0.112966E+03  0.276515E-04  0.372285E+03  0.147933E-04  0.107444E+02  0.241330E-12   -0.23  -89.63  -88.27   89.65 -180.23   74.63
 3.5400  0.114202E+03  0.621456E-04  0.371075E+03  0.224086E-06  0.108637E+02  0.229590E-12   -0.24   88.15  -88.23   50.96 -180.24 -100.70
 3.5600  0.115442E+03  0.147899E-03  0.369859E+03  0.838334E-05  0.109834E+02  0.921654E-13   -0.25   88.45  -88.20  -89.54 -180.25 -207.55
 3.5800  0.116688E+03  0.704731E-04  0.368637E+03  0.103979E-05  0.111037E+02  0.506710E-12   -0.26  -90.83  -88.16   72.84 -180.26 -267.59
 3.6000  0.117938E+03  0.826738E-04  0.367421E+03  0.326043E-05  0.112243E+02  0.836209E-13   -0.27   87.63  -88.13 -265.49 -180.27  -12.26
 3.6200  0.119189E+03  0.786595E-04  0.366235E+03  0.112551E-04  0.113443E+02  0.181336E-12   -0.28   88.38  -88.09   88.53 -180.28 -240.67
 3.6400  0.120446E+03  0.113632E-03  0.365048E+03  0.410058E-05  0.114647E+02  0.290916E-12   -0.28   89.74  -88.05  -90.36 -180.28   79.44
 3.6600  0.121707E+03  0.140665E-03  0.363860E+03  0.855242E-05  0.115857E+02  0.367980E-12   -0.29   88.85  -88.02  -90.40 -180.29  -87.79
 3.6800  0.122976E+03  0.204570E-04  0.362667E+03  0.433603E-05  0.117075E+02  0.426044E-12   -0.30 -269.45  -87.98   81.39 -180.30  -73.53
 3.7000  0.124252E+03  0.600441E-04  0.361469E+03  0.838054E-05  0.118305E+02  0.416214E-13   -0.31 -268.31  -87.94  -93.10 -180.31 -219.81
 3.7200  0.125533E+03  0.472153E-04  0.360269E+03  0.143853E-05  0.119540E+02  0.151772E-12   -0.32 -262.06  -87.90  -94.66 -180.32  -20.56
 3.7400  0.126818E+03  0.396518E-05  0.359066E+03  0.661020E-05  0.120779E+02  0.634428E-12   -0.33  -36.22  -87.86  -85.92 -180.33 -100.65
 3.7600  0.128105E+03  0.774147E-04  0.357861E+03  0.153517E-04  0.122019E+02  0.332672E-12   -0.34   88.54  -87.82 -269.75 -180.34 -234.78
 3.7800  0.129398E+03  0.810110E-04  0.356652E+03  0.190208E-04  0.123270E+02  0.437088E-12   -0.35  -89.74  -87.78  -88.62 -180.35  -65.00
 3.8000  0.130697E+03  0.682020E-04  0.355441E+03  0.266852E-05  0.124527E+02  0.126171E-12   -0.36 -268.70  -87.74 -109.37 -180.36  -88.39
 3.8200  0.131999E+03  0.221954E-04  0.354227E+03  0.199654E-05  0.125786E+02  0.610870E-12   -0.37  -89.79  -87.70   56.05 -180.37  -96.01
 3.8400  0.133302E+03  0.179591E-04  0.353010E+03  0.912751E-05  0.127045E+02  0.512589E-12   -0.38 -267.74  -87.66  -90.25 -180.38  -93.58
 3.8600  0.134613E+03  0.283818E-04  0.351788E+03  0.268533E-05  0.128318E+02  0.170095E-12   -0.40   89.60  -87.61  -81.84 -180.40 -262.80
 3.8800  0.135929E+03  0.500837E-04  0.350563E+03  0.373415E-05  0.129596E+02  0.511011E-12   -0.41 -266.09  -87.57  -87.24 -180.41   76.74
 3.9000  0.137244E+03  0.693973E-05  0.349335E+03  0.134438E-04  0.130873E+02  0.459675E-12   -0.42 -125.52  -87.53  -90.13 -180.42  -85.57
 3.9200  0.138559E+03  0.270347E-05  0.348104E+03  0.445718E-05  0.132151E+02  0.201732E-12   -0.43   50.69  -87.48  -92.62 -180.43  -77.80
 3.9400  0.139876E+03  0.106108E-03  0.346870E+03  0.562912E-05  0.133429E+02  0.173502E-12   -0.44  -89.36  -87.44  -80.90 -180.44 -169.38
 3.9600  0.141193E+03  0.123749E-03  0.345633E+03  0.124364E-04  0.134706E+02  0.153025E-12   -0.46  -88.32  -87.39 -267.20 -180.46  -80.65
 3.9800  0.142528E+03  0.185649E-03  0.344393E+03  0.281628E-05  0.135998E+02  0.596774E-12   -0.47  -90.18  -87.35  -95.77 -180.47 -258.32
 4.0000  0.143874E+03  0.148370E-03  0.343149E+03  0.584277E-05  0.137303E+02  0.625772E-13   -0.48  -89.49  -87.30 -265.86 -180.48  -83.48
 4.0200  0.145230E+03  0.831574E-04  0.341902E+03  0.358280E-04  0.138616E+02  0.296476E-12   -0.50   89.23  -87.26   89.95 -180.50  -44.03
 4.0400  0.146596E+03  0.838072E-05  0.340651E+03  0.642017E-05  0.139939E+02  0.216723E-12   -0.51 -257.34  -87.21   87.08 -180.51 -112.15
 4.0600  0.147969E+03  0.152309E-03  0.339394E+03  0.111098E-04  0.141274E+02  0.211118E-12   -0.53  -90.05  -87.16   86.88 -180.53 -231.49
 4.0800  0.149348E+03  0.484813E-04  0.338135E+03  0.113319E-05  0.142616E+02  0.717835E-12   -0.54 -266.02  -87.12   57.57 -180.54 -236.00
 4.1000  0.150730E+03  0.144772E-04  0.336872E+03  0.207522E-04  0.143960E+02  0.148504E-12   -0.56  -84.47  -87.07 -269.46 -180.56   53.27
 4.1200  0.152118E+03  0.159107E-03  0.335605E+03  0.168536E-04  0.145311E+02  0.514003E-12   -0.57  -89.57  -87.02 -269.41 -180.57  -95.55
 4.1400  0.153515E+03  0.122179E-04  0.334334E+03  0.100494E-04  0.146670E+02  0.427405E-12   -0.59  -88.29  -86.97  -90.98 -180.59 -256.54
 4.1600  0.154914E+03  0.132440E-03  0.333080E+03  0.777356E-06  0.148029E+02  0.630617E-12   -0.60  -91.05  -86.92  -48.37 -180.60  -90.32
 4.1800  0.156317E+03  0.152450E-03  0.331854E+03  0.199455E-04  0.149384E+02  0.590820E-12   -0.62   89.86  -86.87 -267.67 -180.62 -266.55
 4.2000  0.157726E+03  0.952260E-04  0.330628E+03  0.474250E-05  0.150744E+02  0.128734E-12   -0.63  -91.00  -86.82 -261.02 -180.63  -50.60
 4.2200  0.159143E+03  0.157449E-03  0.329402E+03  0.238604E-04  0.152111E+02  0.612522E-13   -0.65  -90.80  -86.77  -91.72 -180.65   73.14
 4.2400  0.160566E+03  0.772931E-04  0.328176E+03  0.803946E-05  0.153483E+02  0.302049E-12   -0.67   85.66  -86.72 -267.88 -180.67   57.24
 4.2600  0.161998E+03  0.545858E-04  0.326942E+03  0.143339E-04  0.154872E+02  0.536319E-12   -0.69  -86.46  -86.66  -86.60 -180.69   73.85
 4.2800  0.163438E+03  0.147615E-03  0.325707E+03  0.551617E-05  0.156269E+02  0.523926E-12   -0.70 -269.57  -86.61  -81.32 -180.70 -110.65
 4.3000  0.164883E+03  0.185136E-04  0.324472E+03  0.206308E-04  0.157671E+02  0.480983E-12   -0.72   86.18  -86.56 -267.11 -180.72   67.41
 4.3200  0.166331E+03  0.118975E-03  0.323237E+03  0.631870E-05  0.159076E+02  0.478299E-12   -0.74   89.50  -86.50  -96.14 -180.74 -218.06
 4.3400  0.167782E+03  0.961684E-04  0.322000E+03  0.179748E-04  0.160485E+02  0.266057E-12   -0.76  -90.47  -86.45   89.25 -180.76 -188.83
 4.3600  0.169242E+03  0.116133E-04  0.320763E+03  0.173892E-04  0.161905E+02  0.261993E-12   -0.78 -268.71  -86.39  -90.26 -180.78 -265.33
 4.3800  0.170708E+03  0.151583E-04  0.319523E+03  0.929404E-05  0.163332E+02  0.192142E-12   -0.80  -80.57  -86.34 -100.19 -180.80   56.31
 4.4000  0.172179E+03  0.605558E-04  0.318284E+03  0.231165E-04  0.164765E+02  0.198070E-12   -0.82   80.96  -86.28   89.73 -180.82  -34.40
 4.4200  0.173651E+03  0.233395E-04  0.317044E+03  0.698857E-07  0.166196E+02  0.655088E-12   -0.84   89.84  -86.23 -191.14 -180.84   86.27
 4.4400  0.175126E+03  0.489915E-04  0.315802E+03  0.119909E-04  0.167632E+02  0.630967E-12   -0.86  -96.05  -86.17 -266.70 -180.86  -91.94
 4.4600  0.176612E+03  0.668274E-04  0.314555E+03  0.222431E-05  0.169084E+02  0.236095E-12   -0.88   81.63  -86.11  -87.21 -180.88  -76.07
 4.4800  0.178101E+03  0.553914E-04  0.313307E+03  0.217564E-05  0.170540E+02  0.126957E-12   -0.91  -95.42  -86.05 -255.45 -180.91  -17.93
 4.5000  0.179591E+03  0.253432E-03  0.312058E+03  0.219778E-04  0.171995E+02  0.452971E-12   -0.93  -91.33  -86.00  -92.54 -180.93   64.94
 4.5200  0.181081E+03  0.639738E-04  0.310808E+03  0.132867E-04  0.173450E+02  0.267193E-12   -0.95  -97.63  -85.94 -267.36 -180.95   52.29
 4.5400  0.182573E+03  0.912433E-05  0.309556E+03  0.498238E-05  0.174908E+02  0.366205E-13   -0.97 -127.90  -85.88   85.09 -180.97 -165.96
 4.5600  0.184064E+03  0.180089E-03  0.308303E+03  0.171786E-04  0.176362E+02  0.121431E-12   -1.00  -86.90  -85.82  -91.18 -181.00   -5.88
 4.5800  0.185558E+03  0.472470E-04  0.307048E+03  0.731496E-05  0.177818E+02  0.105046E-12   -1.02  -96.63  -85.76  -94.48 -181.02   18.74
 4.6000  0.187054E+03  0.136504E-04  0.305792E+03  0.302339E-05  0.179278E+02  0.475228E-12   -1.05 -223.21  -85.69 -266.68 -181.05 -251.70
 4.6200  0.188555E+03  0.599357E-04  0.304534E+03  0.141172E-05  0.180742E+02  0.266264E-12   -1.07  -78.88  -85.63  -81.52 -181.07  -71.32
 4.6400  0.190060E+03  0.864278E-05  0.303275E+03  0.284003E-04  0.182211E+02  0.312396E-12   -1.10   87.60  -85.57   88.84 -181.10 -252.80
 4.6600  0.191569E+03  0.111306E-03  0.302015E+03  0.520969E-05  0.183683E+02  0.151408E-12   -1.12 -268.85  -85.51  -95.44 -181.12   58.92
 4.6800  0.193081E+03  0.881109E-04  0.300751E+03  0.427739E-04  0.185164E+02  0.387164E-12   -1.15  -84.56  -85.44 -269.97 -181.15  -42.77
 4.7000  0.194595E+03  0.344032E-04  0.299485E+03  0.126892E-04  0.186649E+02  0.382640E-13   -1.18  -76.28  -85.38  -88.83 -181.18  -68.20
 4.7200  0.196109E+03  0.423855E-04  0.298217E+03  0.135080E-05  0.188133E+02  0.329618E-12   -1.20  -85.55  -85.32  -80.00 -181.20 -172.57
 4.7400  0.197623E+03  0.102121E-03  0.296946E+03  0.228630E-05  0.189618E+02  0.133546E-12   -1.23   86.91  -85.25   59.84 -181.23   61.39
 4.7600  0.199140E+03  0.753626E-04  0.295674E+03  0.451408E-05  0.191107E+02  0.108632E-11   -1.26   88.11  -85.19   84.35 -181.26 -257.92
 4.7800  0.200659E+03  0.111169E-03  0.294399E+03  0.119595E-05  0.192599E+02  0.392253E-12   -1.29  -85.75  -85.12  -51.14 -181.29   -4.94
 4.8000  0.202179E+03  0.664506E-05  0.293138E+03  0.954751E-05  0.194089E+02  0.175527E-12   -1.32 -209.17  -85.05   80.47 -181.32 -215.94
 4.8200  0.203694E+03  0.161195E-03  0.291915E+03  0.189809E-04  0.195566E+02  0.616987E-12   -1.35  -86.66  -84.99  -88.60 -181.35  -51.55
 4.8400  0.205212E+03  0.144375E-03  0.290694E+03  0.222594E-04  0.197044E+02  0.229143E-12   -1.38  -86.02  -84.92 -268.32 -181.38  -60.26
 4.8600  0.206732E+03  0.142437E-03  0.289474E+03  0.656902E-06  0.198524E+02  0.588722E-12   -1.41  -92.59  -84.85  -29.32 -181.41 -113.47
 4.8800  0.208254E+03  0.385528E-04  0.288256E+03  0.491376E-05  0.200006E+02  0.191978E-12   -1.44 -267.49  -84.78   88.11 -181.44 -218.99
 4.9000  0.209778E+03  0.187896E-03  0.287039E+03  0.636810E-05  0.201490E+02  0.337040E-12   -1.47  -88.60  -84.71 -102.20 -181.47 -145.30
 4.9200  0.211310E+03  0.300463E-04  0.285815E+03  0.104984E-04  0.202991E+02  0.171453E-12   -1.51  -90.44  -84.64  -91.14 -181.51   34.02
 4.9400  0.212844E+03  0.483742E-04  0.284592E+03  0.112205E-04  0.204494E+02  0.791897E-12   -1.54 -267.26  -84.57 -266.52 -181.54  -84.85
 4.9600  0.214379E+03  0.154866E-03  0.283370E+03  0.166570E-04  0.205999E+02  0.105630E-12   -1.57  -87.66  -84.50  -90.96 -181.57 -250.35
 4.9800  0.215914E+03  0.334473E-04  0.282149E+03  0.800340E-06  0.207505E+02  0.429937E-12   -1.61   87.51  -84.43  -84.06 -181.61   89.05
 5.0000  0.217458E+03  0.131704E-04  0.280929E+03  0.782520E-06  0.209017E+02  0.615389E-12   -1.64   62.86  -84.36  -91.93 -181.64   53.92
 5.0200  0.219014E+03  0.124982E-03  0.279708E+03  0.215519E-04  0.210545E+02  0.528149E-13   -1.68 -265.60  -84.29   89.85 -181.68   47.73
 5.0400  0.220581E+03  0.103042E-03  0.278487E+03  0.191550E-04  0.212084E+02  0.274457E-12   -1.71  -91.86  -84.21  -88.30 -181.71  -21.25
 5.0600  0.222156E+03  0.139208E-03  0.277267E+03  0.194588E-05  0.213632E+02  0.635529E-13   -1.75  -86.19  -84.14 -109.17 -181.75  -26.57
 5.0800  0.223738E+03  0.165123E-04  0.276047E+03  0.120526E-05  0.215185E+02  0.227374E-12   -1.79 -105.45  -84.07  -14.70 -181.79 -180.00
 5.1000  0.225318E+03  0.392859E-04  0.274827E+03  0.877147E-05  0.216736E+02  0.223002E-12   -1.82 -100.43  -83.99  -98.60 -181.82   59.35
 5.1200  0.226904E+03  0.108625E-03  0.273609E+03  0.157987E-04  0.218291E+02  0.223115E-12   -1.86  -96.61  -83.92   86.48 -181.86   80.84
 5.1400  0.228499E+03  0.205547E-04  0.272388E+03  0.476671E-05  0.219861E+02  0.162029E-12   -1.90  -37.86  -83.84  -98.40 -181.90 -254.74
 5.1600  0.230101E+03  0.356474E-04  0.271167E+03  0.642090E-05  0.221443E+02  0.218918E-12   -1.94 -266.11  -83.76 -107.60 -181.94  -41.71
 5.1800  0.231703E+03  0.149331E-03  0.269946E+03  0.135170E-04  0.223022E+02  0.488275E-12   -1.98 -266.17  -83.68 -267.93 -181.98 -150.82
 5.2000  0.233305E+03  0.472639E-04  0.268725E+03  0.502604E-06  0.224601E+02  0.341079E-12   -2.02  -84.96  -83.61    0.72 -182.02 -112.02
 5.2200  0.234908E+03  0.224807E-04  0.267505E+03  0.140592E-04  0.226181E+02  0.246267E-12   -2.06   87.42  -83.53 -266.71 -182.06 -206.57
 5.2400  0.236512E+03  0.438921E-04  0.266284E+03  0.101944E-05  0.227761E+02  0.177636E-12   -2.10 -261.09  -83.45 -110.49 -182.10  -16.26
 5.2600  0.238115E+03  0.552340E-04  0.265064E+03  0.330233E-05  0.229340E+02  0.325379E-12   -2.15  -84.05  -83.37   87.61 -182.15   31.61
 5.2800  0.239718E+03  0.261111E-05  0.263844E+03  0.415091E-05  0.230916E+02  0.164809E-12   -2.19   31.60  -83.29  -71.68 -182.19    7.43
 5.3000  0.241324E+03  0.672320E-04  0.262623E+03  0.516897E-05  0.232494E+02  0.301625E-12   -2.23  -86.83  -83.21   73.99 -182.23 -223.09
 5.3200  0.242934E+03  0.104068E-03  0.261402E+03  0.167691E-04  0.234077E+02  0.462030E-12   -2.28  -90.53  -83.13 -100.98 -182.28 -102.43
 5.3400  0.244546E+03  0.109358E-03  0.260182E+03  0.315008E-04  0.235663E+02  0.271498E-12   -2.32 -267.21  -83.05  -92.54 -182.32    6.01
 5.3600  0.246161E+03  0.149350E-04  0.258961E+03  0.753755E-05  0.237251E+02  0.121001E-12   -2.37 -210.00  -82.96 -266.44 -182.37 -183.37
 5.3800  0.247778E+03  0.984839E-04  0.257740E+03  0.112875E-04  0.238841E+02  0.206547E-12   -2.41 -269.20  -82.88  -81.64 -182.41   86.05
 5.4000  0.249398E+03  0.107916E-03  0.256518E+03  0.113673E-04  0.240439E+02  0.464632E-12   -2.46 -100.67  -82.80  -91.84 -182.46 -246.57
 5.4200  0.251019E+03  0.156051E-05  0.255294E+03  0.196884E-04  0.242042E+02  0.229363E-12   -2.51 -159.75  -82.71 -267.22 -182.51 -196.19
 5.4400  0.252640E+03  0.115897E-03  0.254071E+03  0.734486E-05  0.243646E+02  0.383759E-12   -2.55  -91.74  -82.63   83.62 -182.55  -88.94
 5.4600  0.254257E+03  0.155984E-03  0.252847E+03  0.127005E-05  0.245245E+02  0.225814E-12   -2.60  -88.74  -82.55 -205.12 -182.60 -102.72
 5.4800  0.255876E+03  0.121634E-03  0.251623E+03  0.414933E-05  0.246846E+02  0.413781E-12   -2.65   87.92  -82.46  -94.55 -182.65 -246.74
 5.5000  0.257496E+03  0.667790E-04  0.250399E+03  0.758920E-05  0.248449E+02  0.310207E-12   -2.70   81.95  -82.37   81.26 -182.70  -69.90
 5.5200  0.259117E+03  0.351383E-04  0.249174E+03  0.349950E-05  0.250054E+02  0.201129E-12   -2.75 -254.05  -82.29 -198.66 -182.75 -162.53
 5.5400  0.260736E+03  0.925708E-05  0.247959E+03  0.790426E-05  0.251656E+02  0.340190E-12   -2.80 -247.85  -82.20   72.51 -182.80   82.80
 5.5600  0.262348E+03  0.401422E-04  0.246793E+03  0.107167E-04  0.253238E+02  0.200972E-12   -2.86  -92.29  -82.11   89.10 -182.86 -188.13
 5.5800  0.263960E+03  0.114282E-03  0.245629E+03  0.121326E-04  0.254819E+02  0.401771E-12   -2.91  -89.77  -82.02 -264.27 -182.91 -111.80
 5.6000  0.265572E+03  0.130568E-03  0.244468E+03  0.462342E-05  0.256399E+02  0.542717E-12   -2.96  -89.63  -81.93   78.75 -182.96 -133.94
 5.6200  0.267183E+03  0.502928E-04  0.243309E+03  0.127196E-04  0.257979E+02  0.285215E-12   -3.02  -65.22  -81.85  -84.05 -183.02 -219.44
 5.6400  0.268795E+03  0.369696E-04  0.242153E+03  0.520855E-05  0.259557E+02  0.923706E-13   -3.07  -80.02  -81.76   83.70 -183.07  -22.62
 5.6600  0.270408E+03  0.144076E-04  0.240998E+03  0.109042E-04  0.261139E+02  0.301625E-12   -3.13 -265.53  -81.67   89.05 -183.13  -15.02
 5.6800  0.272027E+03  0.107842E-04  0.239838E+03  0.228432E-04  0.262735E+02  0.324544E-12   -3.18  -81.63  -81.57  -92.53 -183.18 -264.98
 5.7000  0.273645E+03  0.426781E-04  0.238680E+03  0.106651E-04  0.264332E+02  0.496364E-12   -3.24 -254.19  -81.48  -89.51 -183.24   13.24
 5.7200  0.275263E+03  0.765083E-04  0.237524E+03  0.108536E-05  0.265927E+02  0.605474E-12   -3.30  -94.94  -81.39 -254.99 -183.30  -97.42
 5.7400  0.276876E+03  0.786243E-04  0.236370E+03  0.228353E-04  0.267520E+02  0.556734E-12   -3.35  -91.53  -81.30  -90.26 -183.35 -236.72
 5.7600  0.278486E+03  0.181115E-03  0.235218E+03  0.116038E-04  0.269109E+02  0.430582E-12   -3.41   89.04  -81.20 -108.29 -183.41 -171.94
 5.7800  0.280089E+03  0.308098E-04  0.234069E+03  0.483982E-05  0.270691E+02  0.260901E-12   -3.47 -119.76  -81.11  -98.52 -183.47  -96.25
 5.8000  0.281695E+03  0.622690E-04  0.232920E+03  0.103893E-04  0.272281E+02  0.222577E-12   -3.53  -76.55  -81.01   89.24 -183.53 -245.48
 5.8200  0.283300E+03  0.223247E-04  0.231773E+03  0.526723E-05  0.273872E+02  0.309800E-12   -3.59 -222.01  -80.92   43.21 -183.59 -233.39
 5.8400  0.284904E+03  0.259384E-04  0.230628E+03  0.239177E-04  0.275462E+02  0.189596E-12   -3.66   86.67  -80.82  -85.18 -183.66 -192.99
 5.8600  0.286506E+03  0.851212E-04  0.229485E+03  0.579340E-05  0.277051E+02  0.455704E-12   -3.72  -92.67  -80.73 -237.87 -183.72   81.93
 5.8800  0.288102E+03  0.112216E-03  0.228344E+03  0.100015E-04  0.278634E+02  0.406704E-12   -3.78   88.25  -80.63  -91.38 -183.78 -128.97
 5.9000  0.289690E+03  0.423134E-04  0.227204E+03  0.145148E-05  0.280207E+02  0.493559E-12   -3.85 -259.69  -80.53  -10.58 -183.85  -96.61
 5.9200  0.291277E+03  0.672832E-04  0.226066E+03  0.716961E-05  0.281780E+02  0.505285E-12   -3.91  -86.13  -80.43   86.49 -183.91 -205.84
 5.9400  0.292869E+03  0.603630E-04  0.224927E+03  0.163853E-05  0.283367E+02  0.142109E-13   -3.98   86.03  -80.33   44.03 -183.98 -270.00
 5.9600  0.294459E+03  0.256633E-04  0.223788E+03  0.487506E-05  0.284953E+02  0.224693E-12   -4.04 -266.45  -80.23  -99.20 -184.04 -108.43
 5.9800  0.296039E+03  0.275695E-04  0.222651E+03  0.852682E-05  0.286528E+02  0.298618E-12   -4.11   86.89  -80.13  -93.62 -184.11 -177.95
 6.0000  0.297612E+03  0.514539E-04  0.221514E+03  0.493221E-05  0.288096E+02  0.236622E-12   -4.18  -88.17  -80.03  -74.87 -184.18 -221.35
