Nb de periode :    21
 3.0000
  0.190113E+01 -0.225555E-08 -0.746346E-01 -0.352738E-07  0.273775E+01  0.516254E-14
  0.117834E-07  0.190109E+01 -0.210665E-05 -0.273823E+01 -0.173459E-07  0.437076E-09
  0.349289E-02  0.613052E-04 -0.463433E+04 -0.664592E-04  0.329485E-01  0.164846E-11
  0.159489E-07  0.133188E+02 -0.144951E-04 -0.198930E+02  0.215136E-06  0.300491E-08
 -0.133204E+02 -0.404543E-07  0.152696E+00 -0.216998E-06 -0.198911E+02  0.117684E-13
 -0.719639E-17  0.494540E-09  0.218575E-15 -0.701351E-09  0.307913E-16  0.203991E-17
 3.1000
  0.165546E+01 -0.234213E-07 -0.273944E-01 -0.279397E-08  0.285593E+01  0.888178E-15
 -0.200089E-08  0.165451E+01  0.277034E-05 -0.285426E+01  0.779983E-08  0.358940E-09
  0.165309E-01  0.950019E-04 -0.427103E+04 -0.113249E-03  0.248442E-01 -0.130385E-11
 -0.180997E-06  0.131126E+02  0.396278E-05 -0.224092E+02 -0.137836E-06  0.286120E-08
 -0.131161E+02  0.370492E-07  0.329558E-01  0.419095E-07 -0.224111E+02 -0.148770E-13
 -0.146028E-17  0.434238E-09 -0.915717E-15 -0.735819E-09  0.704731E-17  0.167003E-17
 3.2000
  0.243871E+01  0.281943E-08  0.448322E-01  0.663567E-07  0.349346E+01 -0.432987E-14
  0.275031E-08  0.243789E+01 -0.431295E-05 -0.349164E+01 -0.153668E-07  0.560060E-09
 -0.131302E-01  0.109038E-03 -0.416813E+04  0.110954E-03 -0.164614E-01  0.394351E-12
 -0.282656E-06  0.170104E+02 -0.188239E-04 -0.262160E+02 -0.152737E-06  0.378014E-08
 -0.170278E+02  0.487489E-07 -0.398230E-01 -0.235625E-06 -0.262405E+02 -0.888178E-14
 -0.183129E-16  0.407858E-09 -0.154390E-15 -0.552660E-09 -0.142247E-15 -0.121061E-17
 3.3000
  0.269794E+01 -0.181608E-07 -0.471017E-01 -0.129221E-07  0.520192E+01  0.377476E-14
 -0.546424E-08  0.269836E+01  0.416767E-05 -0.520267E+01 -0.488944E-08  0.616964E-09
  0.142262E-01 -0.140332E-03 -0.396992E+04 -0.845194E-04  0.145216E-01  0.135358E-11
  0.594882E-07  0.190565E+02 -0.531320E-05 -0.335778E+02 -0.332482E-06  0.434163E-08
 -0.190531E+02  0.618747E-07  0.356846E-01  0.393018E-06 -0.335771E+02 -0.102141E-13
 -0.276878E-16  0.671777E-09 -0.629705E-15 -0.132528E-08 -0.103216E-15 -0.642067E-17
 3.4000
  0.222719E+01  0.147738E-07 -0.219794E-01 -0.582077E-08  0.323818E+01  0.222045E-14
  0.176624E-07  0.222935E+01 -0.236905E-05 -0.324183E+01 -0.254950E-07  0.468991E-09
  0.128940E-02  0.841445E-04 -0.393898E+04  0.108808E-03  0.104971E-01  0.621725E-12
  0.418513E-07  0.187533E+02 -0.129724E-04 -0.295852E+02 -0.176951E-07  0.412669E-08
 -0.187523E+02  0.100496E-06  0.301271E-01 -0.102445E-07 -0.295804E+02 -0.577316E-14
 -0.391329E-17  0.517766E-09 -0.925909E-15 -0.798236E-09 -0.350197E-15 -0.535849E-17
 3.5000
  0.323306E+01 -0.336040E-07 -0.242707E-01 -0.369619E-07  0.593615E+01 -0.810463E-14
  0.215659E-07  0.323152E+01  0.402541E-05 -0.593584E+01  0.253785E-07  0.746568E-09
  0.276504E-01  0.143099E-03 -0.398167E+04  0.100732E-04  0.110989E-01  0.541789E-12
 -0.218686E-06  0.219940E+02 -0.364129E-04 -0.381953E+02 -0.252388E-06  0.497523E-08
 -0.219906E+02  0.252418E-06  0.310252E-01 -0.116415E-06 -0.381962E+02 -0.310862E-13
  0.540068E-17  0.910479E-09 -0.272352E-15 -0.150433E-08 -0.140513E-15  0.486543E-17
 3.6000
  0.444568E+01  0.513028E-07  0.286787E-01 -0.655418E-07  0.746239E+01  0.727196E-14
 -0.363289E-07  0.444489E+01 -0.594486E-05 -0.746192E+01  0.279397E-08  0.103518E-08
  0.103869E-01  0.734371E-04 -0.359253E+04 -0.631511E-04 -0.158381E-01  0.165201E-11
  0.697619E-07  0.287972E+02 -0.280980E-05 -0.480742E+02 -0.325963E-06  0.662738E-08
 -0.287859E+02  0.407046E-06 -0.342396E-01  0.360422E-06 -0.480757E+02 -0.119904E-13
  0.109775E-17  0.108963E-08 -0.441140E-14 -0.191792E-08  0.120910E-14 -0.110704E-16
 3.7000
  0.547559E+01  0.169821E-07 -0.365574E-01 -0.325963E-08  0.792488E+01 -0.877076E-14
 -0.168075E-07  0.547437E+01 -0.446232E-05 -0.792493E+01 -0.249711E-07  0.127147E-08
 -0.201610E-02  0.207898E-03 -0.357292E+04 -0.217736E-03  0.133805E-01  0.355271E-13
  0.132073E-06  0.345943E+02 -0.470784E-05 -0.530659E+02  0.232831E-08  0.817546E-08
 -0.345880E+02 -0.161817E-07  0.660784E-01 -0.861473E-08 -0.530704E+02 -0.497380E-13
  0.444523E-16  0.133890E-08  0.473233E-14 -0.200748E-08 -0.940220E-15 -0.451385E-16
 3.8000
  0.550125E+01 -0.274376E-07  0.153692E-02 -0.882428E-07  0.890359E+01 -0.682787E-14
  0.167929E-07  0.550122E+01  0.285456E-05 -0.890720E+01  0.460423E-07  0.130186E-08
  0.985521E-02  0.633914E-04 -0.348917E+04 -0.964403E-04 -0.111175E-01 -0.254019E-12
 -0.316475E-06  0.352243E+02 -0.538933E-04 -0.552211E+02  0.792788E-06  0.838043E-08
 -0.352062E+02 -0.930449E-07 -0.657084E-02  0.558794E-07 -0.552199E+02 -0.621725E-14
 -0.229851E-16  0.134762E-08  0.315026E-14 -0.228604E-08  0.676542E-15  0.179485E-16
 3.9000
  0.560346E+01 -0.339860E-07 -0.972910E-02 -0.355358E-07  0.102714E+02  0.133782E-13
  0.504733E-07  0.560335E+01 -0.141370E-04 -0.102702E+02 -0.357977E-08  0.134250E-08
  0.124635E-01  0.623870E-05 -0.350585E+04 -0.314504E-03  0.232916E-01 -0.135003E-12
 -0.836735E-07  0.343398E+02  0.607294E-04 -0.586032E+02 -0.147906E-06  0.811898E-08
 -0.343346E+02 -0.351341E-06  0.151305E-01 -0.440610E-06 -0.586025E+02 -0.515143E-13
 -0.135417E-15  0.138021E-08 -0.888178E-15 -0.262448E-08 -0.698053E-14  0.138932E-15
 4.0000
  0.606516E+01 -0.434520E-07  0.585097E-01  0.328291E-07  0.918708E+01  0.499600E-15
 -0.267319E-07  0.606563E+01  0.150420E-05 -0.919006E+01  0.974978E-08  0.143302E-08
 -0.168097E-01 -0.832407E-04 -0.332438E+04 -0.706911E-04 -0.149994E-01  0.140332E-12
  0.469561E-06  0.390211E+02 -0.486507E-04 -0.623192E+02  0.142958E-06  0.921539E-08
 -0.389997E+02  0.484666E-06 -0.516180E-01  0.142376E-06 -0.623194E+02  0.128786E-13
 -0.425007E-16  0.154901E-08 -0.491274E-14 -0.230039E-08 -0.219269E-14  0.150758E-16
 4.1000
  0.540323E+01  0.243745E-07  0.207044E-01 -0.181899E-07  0.748493E+01  0.666134E-14
 -0.231157E-07  0.540313E+01  0.295555E-05 -0.748417E+01 -0.123575E-06  0.119782E-08
  0.845072E-02 -0.142901E-03 -0.311492E+04 -0.118315E-04 -0.744057E-02 -0.117240E-12
  0.271772E-06  0.430790E+02 -0.150326E-03 -0.668818E+02  0.441680E-06  0.101117E-07
 -0.430749E+02 -0.670727E-06 -0.100721E-01  0.228407E-06 -0.668839E+02  0.524025E-13
  0.341741E-15  0.145585E-08 -0.321965E-14 -0.184027E-08  0.116018E-13 -0.342928E-15
 4.2000
  0.989753E+01 -0.882173E-07 -0.929718E-01  0.590226E-07  0.151356E+02 -0.335842E-13
  0.152868E-07  0.989840E+01 -0.202283E-05 -0.151367E+02  0.429573E-07  0.243210E-08
  0.397467E-02 -0.119058E-04 -0.337815E+04 -0.122622E-03  0.463805E-01  0.110667E-11
 -0.368454E-07  0.531381E+02  0.192672E-04 -0.841239E+02  0.819564E-07  0.128146E-07
 -0.531287E+02 -0.590517E-07  0.128988E+00  0.952743E-06 -0.841237E+02  0.799361E-13
  0.142334E-14  0.251497E-08 -0.555112E-14 -0.391709E-08  0.132672E-13  0.656310E-15
 4.3000
  0.125149E+02  0.105716E-06  0.404941E-02  0.456348E-07  0.221137E+02 -0.103251E-13
 -0.107349E-06  0.125124E+02 -0.194381E-04 -0.221101E+02 -0.103842E-06  0.312325E-08
  0.230100E-01  0.337947E-04 -0.351578E+04  0.172675E-03 -0.159192E-01  0.105693E-12
 -0.309956E-06  0.557079E+02  0.110064E-04 -0.922814E+02 -0.726432E-07  0.134265E-07
 -0.557107E+02 -0.633299E-07 -0.384986E-03  0.754371E-07 -0.922901E+02  0.328626E-13
 -0.715573E-15  0.318066E-08  0.356382E-13 -0.579317E-08 -0.328071E-13  0.101916E-14
 4.4000
  0.804836E+01 -0.256696E-07  0.423838E-01  0.738073E-07  0.120304E+02  0.910383E-14
 -0.481959E-07  0.804713E+01  0.112164E-04 -0.120303E+02 -0.156928E-06  0.171858E-08
 -0.106660E-02  0.146938E-03 -0.315103E+04  0.646561E-04 -0.204325E-01  0.556888E-12
 -0.356464E-06  0.515736E+02 -0.206530E-04 -0.837843E+02  0.130851E-05  0.120127E-07
 -0.515829E+02 -0.141445E-07 -0.425735E-01  0.142120E-05 -0.837936E+02  0.488498E-14
  0.881240E-15  0.202480E-08  0.266454E-13 -0.305268E-08  0.488498E-14 -0.779164E-14
 4.5000
  0.586516E+01  0.229775E-07 -0.318606E-01 -0.231666E-07  0.849344E+01 -0.588418E-14
  0.103173E-07  0.586251E+01 -0.110166E-04 -0.848919E+01  0.463333E-07  0.129714E-08
  0.408556E-01 -0.345510E-04 -0.296744E+04 -0.299215E-03  0.238872E-01 -0.115374E-11
  0.751228E-06  0.531860E+02 -0.112403E-03 -0.873875E+02  0.119023E-05  0.124645E-07
 -0.531779E+02  0.286207E-06  0.612502E-01  0.335276E-06 -0.873903E+02 -0.444089E-15
  0.116308E-15  0.135470E-08 -0.194983E-14 -0.203789E-08 -0.147798E-14 -0.179359E-15
 4.6000
  0.986715E+01  0.110987E-06  0.216264E-01 -0.263099E-07  0.184586E+02  0.639072E-14
  0.659825E-07  0.986693E+01  0.114390E-04 -0.184566E+02  0.414206E-06  0.293628E-08
 -0.490508E-01 -0.998495E-04 -0.311261E+04  0.640452E-04 -0.171142E-01 -0.150102E-12
 -0.102480E-05  0.603730E+02 -0.115335E-04 -0.100184E+03  0.372529E-08  0.149901E-07
 -0.603926E+02  0.606407E-06 -0.100352E-01  0.596046E-07 -0.100185E+03  0.178080E-12
  0.122402E-13  0.216696E-08 -0.790479E-13 -0.441151E-08 -0.459188E-12  0.839960E-14
 4.7000
  0.130304E+02 -0.116932E-06 -0.198946E-01 -0.100117E-06  0.243353E+02 -0.155431E-14
 -0.892032E-08  0.130280E+02  0.851788E-05 -0.243278E+02  0.344589E-07  0.318126E-08
  0.493910E-03  0.437811E-04 -0.291955E+04  0.380382E-03  0.925064E-02  0.291323E-12
 -0.761938E-07  0.692363E+02  0.130348E-04 -0.108489E+03  0.569969E-06  0.168149E-07
 -0.692392E+02 -0.406057E-06  0.272464E-01 -0.111759E-07 -0.108500E+03 -0.133227E-14
  0.763278E-16  0.331353E-08  0.455191E-14 -0.635272E-08 -0.248690E-13 -0.996656E-15
 4.8000
  0.146991E+02 -0.142158E-06 -0.293419E-03  0.142958E-06  0.186110E+02 -0.212053E-13
 -0.385349E-06  0.146987E+02 -0.136979E-04 -0.186112E+02  0.190921E-07  0.350696E-08
  0.215023E-01 -0.652687E-04 -0.280658E+04  0.223517E-03  0.151386E-01 -0.241585E-12
  0.324217E-06  0.755756E+02  0.706315E-05 -0.106713E+03 -0.847504E-06  0.185370E-07
 -0.755723E+02  0.683358E-07  0.133678E-01 -0.168197E-05 -0.106718E+03  0.126121E-12
 -0.224213E-15  0.378454E-08  0.534295E-15 -0.473927E-08  0.729625E-14  0.686462E-16
 4.9000
  0.161516E+02  0.349919E-07 -0.357513E-01  0.166707E-06  0.162526E+02  0.102141E-13
 -0.167101E-06  0.161492E+02  0.424860E-04 -0.162470E+02  0.292435E-06  0.411832E-08
  0.948201E-02  0.253986E-04 -0.318383E+04  0.105202E-03  0.488615E-02  0.905942E-13
 -0.877248E-06  0.776733E+02 -0.385381E-04 -0.108922E+03  0.164285E-05  0.196403E-07
 -0.776793E+02  0.457425E-06  0.424155E-01 -0.109896E-05 -0.108929E+03  0.108802E-13
  0.100440E-14  0.411723E-08 -0.499600E-14 -0.404805E-08  0.405231E-14  0.728190E-15
 5.0000
  0.116548E+02 -0.117856E-06 -0.323488E-01 -0.223052E-06  0.231097E+02  0.871525E-14
 -0.187923E-06  0.116533E+02  0.155829E-04 -0.231084E+02  0.114087E-06  0.296347E-08
  0.324355E-02  0.644515E-04 -0.277642E+04  0.174284E-03  0.654697E-03 -0.545342E-12
 -0.204484E-06  0.771071E+02  0.890419E-04 -0.129669E+03  0.104681E-05  0.191728E-07
 -0.771076E+02 -0.442087E-06  0.203842E-01  0.130758E-05 -0.129672E+03 -0.162315E-12
  0.184314E-17  0.280340E-08 -0.194428E-13 -0.590253E-08  0.307393E-14 -0.195232E-16
