130 
100 
7.500000E-02 0.000000E+00 0.000000E+00 
7.500000E-02 0.000000E+00 -1.200000E-01 
3.650000E-01 0.000000E+00 -1.200000E-01 
3.650000E-01 0.000000E+00 -1.210000E-01 
0.000000E+00 0.000000E+00 -1.210000E-01 
7.440860E-02 9.399993E-03 0.000000E+00 
7.440860E-02 9.399993E-03 -1.200000E-01 
3.621219E-01 4.574663E-02 -1.200000E-01 
3.621219E-01 4.574663E-02 -1.210000E-01 
0.000000E+00 0.000000E+00 -1.210000E-01 
7.264374E-02 1.865174E-02 0.000000E+00 
7.264374E-02 1.865174E-02 -1.200000E-01 
3.535329E-01 9.077181E-02 -1.200000E-01 
3.535329E-01 9.077181E-02 -1.210000E-01 
0.000000E+00 0.000000E+00 -1.210000E-01 
6.973324E-02 2.760934E-02 0.000000E+00 
6.973324E-02 2.760934E-02 -1.200000E-01 
3.393684E-01 1.343655E-01 -1.200000E-01 
3.393684E-01 1.343655E-01 -1.210000E-01 
0.000000E+00 0.000000E+00 -1.210000E-01 
6.572300E-02 3.613153E-02 0.000000E+00 
6.572300E-02 3.613153E-02 -1.200000E-01 
3.198519E-01 1.758401E-01 -1.200000E-01 
3.198519E-01 1.758401E-01 -1.210000E-01 
0.000000E+00 0.000000E+00 -1.210000E-01 
6.067627E-02 4.408389E-02 0.000000E+00 
6.067627E-02 4.408389E-02 -1.200000E-01 
2.952912E-01 2.145416E-01 -1.200000E-01 
2.952912E-01 2.145416E-01 -1.210000E-01 
0.000000E+00 0.000000E+00 -1.210000E-01 
5.467265E-02 5.134103E-02 0.000000E+00 
5.467265E-02 5.134103E-02 -1.200000E-01 
2.660735E-01 2.498597E-01 -1.200000E-01 
2.660735E-01 2.498597E-01 -1.210000E-01 
0.000000E+00 0.000000E+00 -1.210000E-01 
4.780680E-02 5.778849E-02 0.000000E+00 
4.780680E-02 5.778849E-02 -1.200000E-01 
2.326598E-01 2.812373E-01 -1.200000E-01 
2.326598E-01 2.812373E-01 -1.210000E-01 
0.000000E+00 0.000000E+00 -1.210000E-01 
4.018701E-02 6.332459E-02 0.000000E+00 
4.018701E-02 6.332459E-02 -1.200000E-01 
1.955768E-01 3.081797E-01 -1.200000E-01 
1.955768E-01 3.081797E-01 -1.210000E-01 
0.000000E+00 0.000000E+00 -1.210000E-01 
3.193345E-02 6.786203E-02 0.000000E+00 
3.193345E-02 6.786203E-02 -1.200000E-01 
1.554094E-01 3.302619E-01 -1.200000E-01 
1.554094E-01 3.302619E-01 -1.210000E-01 
0.000000E+00 0.000000E+00 -1.210000E-01 
2.317627E-02 7.132924E-02 0.000000E+00 
2.317627E-02 7.132924E-02 -1.200000E-01 
1.127912E-01 3.471356E-01 -1.200000E-01 
1.127912E-01 3.471356E-01 -1.210000E-01 
0.000000E+00 0.000000E+00 -1.210000E-01 
1.405360E-02 7.367154E-02 0.000000E+00 
1.405360E-02 7.367154E-02 -1.200000E-01 
6.839418E-02 3.585348E-01 -1.200000E-01 
6.839418E-02 3.585348E-01 -1.210000E-01 
0.000000E+00 0.000000E+00 -1.210000E-01 
4.709289E-03 7.485200E-02 0.000000E+00 
4.709289E-03 7.485200E-02 -1.200000E-01 
2.291854E-02 3.642798E-01 -1.200000E-01 
2.291854E-02 3.642798E-01 -1.210000E-01 
0.000000E+00 0.000000E+00 -1.210000E-01 
-4.709289E-03 7.485200E-02 0.000000E+00 
-4.709289E-03 7.485200E-02 -1.200000E-01 
-2.291854E-02 3.642798E-01 -1.200000E-01 
-2.291854E-02 3.642798E-01 -1.210000E-01 
-0.000000E+00 0.000000E+00 -1.210000E-01 
-1.405360E-02 7.367154E-02 0.000000E+00 
-1.405360E-02 7.367154E-02 -1.200000E-01 
-6.839418E-02 3.585348E-01 -1.200000E-01 
-6.839418E-02 3.585348E-01 -1.210000E-01 
-0.000000E+00 0.000000E+00 -1.210000E-01 
-2.317627E-02 7.132924E-02 0.000000E+00 
-2.317627E-02 7.132924E-02 -1.200000E-01 
-1.127912E-01 3.471356E-01 -1.200000E-01 
-1.127912E-01 3.471356E-01 -1.210000E-01 
-0.000000E+00 0.000000E+00 -1.210000E-01 
-3.193345E-02 6.786203E-02 0.000000E+00 
-3.193345E-02 6.786203E-02 -1.200000E-01 
-1.554094E-01 3.302619E-01 -1.200000E-01 
-1.554094E-01 3.302619E-01 -1.210000E-01 
-0.000000E+00 0.000000E+00 -1.210000E-01 
-4.018701E-02 6.332459E-02 0.000000E+00 
-4.018701E-02 6.332459E-02 -1.200000E-01 
-1.955768E-01 3.081797E-01 -1.200000E-01 
-1.955768E-01 3.081797E-01 -1.210000E-01 
-0.000000E+00 0.000000E+00 -1.210000E-01 
-4.780680E-02 5.778849E-02 0.000000E+00 
-4.780680E-02 5.778849E-02 -1.200000E-01 
-2.326598E-01 2.812373E-01 -1.200000E-01 
-2.326598E-01 2.812373E-01 -1.210000E-01 
-0.000000E+00 0.000000E+00 -1.210000E-01 
-5.467265E-02 5.134103E-02 0.000000E+00 
-5.467265E-02 5.134103E-02 -1.200000E-01 
-2.660735E-01 2.498597E-01 -1.200000E-01 
-2.660735E-01 2.498597E-01 -1.210000E-01 
-0.000000E+00 0.000000E+00 -1.210000E-01 
-6.067627E-02 4.408389E-02 0.000000E+00 
-6.067627E-02 4.408389E-02 -1.200000E-01 
-2.952912E-01 2.145416E-01 -1.200000E-01 
-2.952912E-01 2.145416E-01 -1.210000E-01 
-0.000000E+00 0.000000E+00 -1.210000E-01 
-6.572300E-02 3.613153E-02 0.000000E+00 
-6.572300E-02 3.613153E-02 -1.200000E-01 
-3.198519E-01 1.758401E-01 -1.200000E-01 
-3.198519E-01 1.758401E-01 -1.210000E-01 
-0.000000E+00 0.000000E+00 -1.210000E-01 
-6.973324E-02 2.760934E-02 0.000000E+00 
-6.973324E-02 2.760934E-02 -1.200000E-01 
-3.393684E-01 1.343655E-01 -1.200000E-01 
-3.393684E-01 1.343655E-01 -1.210000E-01 
-0.000000E+00 0.000000E+00 -1.210000E-01 
-7.264374E-02 1.865174E-02 0.000000E+00 
-7.264374E-02 1.865174E-02 -1.200000E-01 
-3.535329E-01 9.077181E-02 -1.200000E-01 
-3.535329E-01 9.077181E-02 -1.210000E-01 
-0.000000E+00 0.000000E+00 -1.210000E-01 
-7.440860E-02 9.399993E-03 0.000000E+00 
-7.440860E-02 9.399993E-03 -1.200000E-01 
-3.621219E-01 4.574663E-02 -1.200000E-01 
-3.621219E-01 4.574663E-02 -1.210000E-01 
-0.000000E+00 0.000000E+00 -1.210000E-01 
-7.500000E-02 9.184851E-18 0.000000E+00 
-7.500000E-02 9.184851E-18 -1.200000E-01 
-3.650000E-01 4.469961E-17 -1.200000E-01 
-3.650000E-01 4.469961E-17 -1.210000E-01 
-0.000000E+00 0.000000E+00 -1.210000E-01 
1 2 7 6 
6 7 12 11 
11 12 17 16 
16 17 22 21 
21 22 27 26 
26 27 32 31 
31 32 37 36 
36 37 42 41 
41 42 47 46 
46 47 52 51 
51 52 57 56 
56 57 62 61 
61 62 67 66 
66 67 72 71 
71 72 77 76 
76 77 82 81 
81 82 87 86 
86 87 92 91 
91 92 97 96 
96 97 102 101 
101 102 107 106 
106 107 112 111 
111 112 117 116 
116 117 122 121 
121 122 127 126 
2 3 8 7 
7 8 13 12 
12 13 18 17 
17 18 23 22 
22 23 28 27 
27 28 33 32 
32 33 38 37 
37 38 43 42 
42 43 48 47 
47 48 53 52 
52 53 58 57 
57 58 63 62 
62 63 68 67 
67 68 73 72 
72 73 78 77 
77 78 83 82 
82 83 88 87 
87 88 93 92 
92 93 98 97 
97 98 103 102 
102 103 108 107 
107 108 113 112 
112 113 118 117 
117 118 123 122 
122 123 128 127 
3 4 9 8 
8 9 14 13 
13 14 19 18 
18 19 24 23 
23 24 29 28 
28 29 34 33 
33 34 39 38 
38 39 44 43 
43 44 49 48 
48 49 54 53 
53 54 59 58 
58 59 64 63 
63 64 69 68 
68 69 74 73 
73 74 79 78 
78 79 84 83 
83 84 89 88 
88 89 94 93 
93 94 99 98 
98 99 104 103 
103 104 109 108 
108 109 114 113 
113 114 119 118 
118 119 124 123 
123 124 129 128 
4 5 10 9 
9 10 15 14 
14 15 20 19 
19 20 25 24 
24 25 30 29 
29 30 35 34 
34 35 40 39 
39 40 45 44 
44 45 50 49 
49 50 55 54 
54 55 60 59 
59 60 65 64 
64 65 70 69 
69 70 75 74 
74 75 80 79 
79 80 85 84 
84 85 90 89 
89 90 95 94 
94 95 100 99 
99 100 105 104 
104 105 110 109 
109 110 115 114 
114 115 120 119 
119 120 125 124 
124 125 130 129 
