                    2          1
             1               0.0744086               0.0094000              -0.1200000
             2               0.0744086               0.0094000              -0.0600000
             3               0.0744086               0.0094000               0.0000000
             4               0.0750000               0.0000000              -0.1200000
             5               0.0750000               0.0000000              -0.0600000
             6               0.0750000               0.0000000               0.0000000
             7               0.0726437               0.0186517              -0.1200000
             8               0.0726437               0.0186517              -0.0600000
             9               0.0726437               0.0186517               0.0000000
            10               0.0744086               0.0094000              -0.1200000
            11               0.0744086               0.0094000              -0.0600000
            12               0.0744086               0.0094000               0.0000000
            13               0.0697332               0.0276093              -0.1200000
            14               0.0697332               0.0276093              -0.0600000
            15               0.0697332               0.0276093               0.0000000
            16               0.0726437               0.0186517              -0.1200000
            17               0.0726437               0.0186517              -0.0600000
            18               0.0726437               0.0186517               0.0000000
            19               0.0657230               0.0361315              -0.1200000
            20               0.0657230               0.0361315              -0.0600000
            21               0.0657230               0.0361315               0.0000000
            22               0.0697332               0.0276093              -0.1200000
            23               0.0697332               0.0276093              -0.0600000
            24               0.0697332               0.0276093               0.0000000
            25               0.0606763               0.0440839              -0.1200000
            26               0.0606763               0.0440839              -0.0600000
            27               0.0606763               0.0440839               0.0000000
            28               0.0657230               0.0361315              -0.1200000
            29               0.0657230               0.0361315              -0.0600000
            30               0.0657230               0.0361315               0.0000000
            31               0.0546727               0.0513410              -0.1200000
            32               0.0546727               0.0513410              -0.0600000
            33               0.0546727               0.0513410               0.0000000
            34               0.0606763               0.0440839              -0.1200000
            35               0.0606763               0.0440839              -0.0600000
            36               0.0606763               0.0440839               0.0000000
            37               0.0478068               0.0577885              -0.1200000
            38               0.0478068               0.0577885              -0.0600000
            39               0.0478068               0.0577885               0.0000000
            40               0.0546727               0.0513410              -0.1200000
            41               0.0546727               0.0513410              -0.0600000
            42               0.0546727               0.0513410               0.0000000
            43               0.0401870               0.0633246              -0.1200000
            44               0.0401870               0.0633246              -0.0600000
            45               0.0401870               0.0633246               0.0000000
            46               0.0478068               0.0577885              -0.1200000
            47               0.0478068               0.0577885              -0.0600000
            48               0.0478068               0.0577885               0.0000000
            49               0.0319334               0.0678620              -0.1200000
            50               0.0319334               0.0678620              -0.0600000
            51               0.0319334               0.0678620               0.0000000
            52               0.0401870               0.0633246              -0.1200000
            53               0.0401870               0.0633246              -0.0600000
            54               0.0401870               0.0633246               0.0000000
            55               0.0231763               0.0713292              -0.1200000
            56               0.0231763               0.0713292              -0.0600000
            57               0.0231763               0.0713292               0.0000000
            58               0.0319334               0.0678620              -0.1200000
            59               0.0319334               0.0678620              -0.0600000
            60               0.0319334               0.0678620               0.0000000
            61               0.0140536               0.0736715              -0.1200000
            62               0.0140536               0.0736715              -0.0600000
            63               0.0140536               0.0736715               0.0000000
            64               0.0231763               0.0713292              -0.1200000
            65               0.0231763               0.0713292              -0.0600000
            66               0.0231763               0.0713292               0.0000000
            67               0.0047093               0.0748520              -0.1200000
            68               0.0047093               0.0748520              -0.0600000
            69               0.0047093               0.0748520               0.0000000
            70               0.0140536               0.0736715              -0.1200000
            71               0.0140536               0.0736715              -0.0600000
            72               0.0140536               0.0736715               0.0000000
            73              -0.0047093               0.0748520              -0.1200000
            74              -0.0047093               0.0748520              -0.0600000
            75              -0.0047093               0.0748520               0.0000000
            76               0.0047093               0.0748520              -0.1200000
            77               0.0047093               0.0748520              -0.0600000
            78               0.0047093               0.0748520               0.0000000
            79              -0.0140536               0.0736715              -0.1200000
            80              -0.0140536               0.0736715              -0.0600000
            81              -0.0140536               0.0736715               0.0000000
            82              -0.0047093               0.0748520              -0.1200000
            83              -0.0047093               0.0748520              -0.0600000
            84              -0.0047093               0.0748520               0.0000000
            85              -0.0231763               0.0713292              -0.1200000
            86              -0.0231763               0.0713292              -0.0600000
            87              -0.0231763               0.0713292               0.0000000
            88              -0.0140536               0.0736715              -0.1200000
            89              -0.0140536               0.0736715              -0.0600000
            90              -0.0140536               0.0736715               0.0000000
            91              -0.0319334               0.0678620              -0.1200000
            92              -0.0319334               0.0678620              -0.0600000
            93              -0.0319334               0.0678620               0.0000000
            94              -0.0231763               0.0713292              -0.1200000
            95              -0.0231763               0.0713292              -0.0600000
            96              -0.0231763               0.0713292               0.0000000
            97              -0.0401870               0.0633246              -0.1200000
            98              -0.0401870               0.0633246              -0.0600000
            99              -0.0401870               0.0633246               0.0000000
           100              -0.0319334               0.0678620              -0.1200000
           101              -0.0319334               0.0678620              -0.0600000
           102              -0.0319334               0.0678620               0.0000000
           103              -0.0478068               0.0577885              -0.1200000
           104              -0.0478068               0.0577885              -0.0600000
           105              -0.0478068               0.0577885               0.0000000
           106              -0.0401870               0.0633246              -0.1200000
           107              -0.0401870               0.0633246              -0.0600000
           108              -0.0401870               0.0633246               0.0000000
           109              -0.0546727               0.0513410              -0.1200000
           110              -0.0546727               0.0513410              -0.0600000
           111              -0.0546727               0.0513410               0.0000000
           112              -0.0478068               0.0577885              -0.1200000
           113              -0.0478068               0.0577885              -0.0600000
           114              -0.0478068               0.0577885               0.0000000
           115              -0.0606763               0.0440839              -0.1200000
           116              -0.0606763               0.0440839              -0.0600000
           117              -0.0606763               0.0440839               0.0000000
           118              -0.0546727               0.0513410              -0.1200000
           119              -0.0546727               0.0513410              -0.0600000
           120              -0.0546727               0.0513410               0.0000000
           121              -0.0657230               0.0361315              -0.1200000
           122              -0.0657230               0.0361315              -0.0600000
           123              -0.0657230               0.0361315               0.0000000
           124              -0.0606763               0.0440839              -0.1200000
           125              -0.0606763               0.0440839              -0.0600000
           126              -0.0606763               0.0440839               0.0000000
           127              -0.0697332               0.0276093              -0.1200000
           128              -0.0697332               0.0276093              -0.0600000
           129              -0.0697332               0.0276093               0.0000000
           130              -0.0657230               0.0361315              -0.1200000
           131              -0.0657230               0.0361315              -0.0600000
           132              -0.0657230               0.0361315               0.0000000
           133              -0.0726437               0.0186517              -0.1200000
           134              -0.0726437               0.0186517              -0.0600000
           135              -0.0726437               0.0186517               0.0000000
           136              -0.0697332               0.0276093              -0.1200000
           137              -0.0697332               0.0276093              -0.0600000
           138              -0.0697332               0.0276093               0.0000000
           139              -0.0744086               0.0094000              -0.1200000
           140              -0.0744086               0.0094000              -0.0600000
           141              -0.0744086               0.0094000               0.0000000
           142              -0.0726437               0.0186517              -0.1200000
           143              -0.0726437               0.0186517              -0.0600000
           144              -0.0726437               0.0186517               0.0000000
           145              -0.0750000               0.0000000              -0.1200000
           146              -0.0750000               0.0000000              -0.0600000
           147              -0.0750000               0.0000000               0.0000000
           148              -0.0744086               0.0094000              -0.1200000
           149              -0.0744086               0.0094000              -0.0600000
           150              -0.0744086               0.0094000               0.0000000
           151               0.3650000               0.0000000              -0.1200000
           152               0.3621219               0.0457466              -0.1200000
           153               0.3070000               0.0000000              -0.1200000
           154               0.3045793               0.0384773              -0.1200000
           155               0.2490000               0.0000000              -0.1200000
           156               0.2470366               0.0312080              -0.1200000
           157               0.1910000               0.0000000              -0.1200000
           158               0.1894939               0.0239386              -0.1200000
           159               0.1330000               0.0000000              -0.1200000
           160               0.1319513               0.0166693              -0.1200000
           161               0.0750000               0.0000000              -0.1200000
           162               0.0744086               0.0094000              -0.1200000
           163               0.3621219               0.0457466              -0.1200000
           164               0.3535329               0.0907718              -0.1200000
           165               0.3045793               0.0384773              -0.1200000
           166               0.2973551               0.0763478              -0.1200000
           167               0.2470366               0.0312080              -0.1200000
           168               0.2411772               0.0619238              -0.1200000
           169               0.1894939               0.0239386              -0.1200000
           170               0.1849994               0.0474998              -0.1200000
           171               0.1319513               0.0166693              -0.1200000
           172               0.1288216               0.0330758              -0.1200000
           173               0.0744086               0.0094000              -0.1200000
           174               0.0726438               0.0186517              -0.1200000
           175               0.3535329               0.0907718              -0.1200000
           176               0.3393684               0.1343655              -0.1200000
           177               0.2973551               0.0763478              -0.1200000
           178               0.2854414               0.1130143              -0.1200000
           179               0.2411772               0.0619238              -0.1200000
           180               0.2315143               0.0916630              -0.1200000
           181               0.1849994               0.0474998              -0.1200000
           182               0.1775873               0.0703118              -0.1200000
           183               0.1288216               0.0330758              -0.1200000
           184               0.1236603               0.0489606              -0.1200000
           185               0.0726438               0.0186517              -0.1200000
           186               0.0697332               0.0276093              -0.1200000
           187               0.3393684               0.1343655              -0.1200000
           188               0.3198519               0.1758401              -0.1200000
           189               0.2854414               0.1130143              -0.1200000
           190               0.2690261               0.1478984              -0.1200000
           191               0.2315143               0.0916630              -0.1200000
           192               0.2182003               0.1199567              -0.1200000
           193               0.1775873               0.0703118              -0.1200000
           194               0.1673746               0.0920150              -0.1200000
           195               0.1236603               0.0489606              -0.1200000
           196               0.1165488               0.0640732              -0.1200000
           197               0.0697332               0.0276093              -0.1200000
           198               0.0657230               0.0361315              -0.1200000
           199               0.3198519               0.1758401              -0.1200000
           200               0.2952912               0.2145416              -0.1200000
           201               0.2690261               0.1478984              -0.1200000
           202               0.2483682               0.1804501              -0.1200000
           203               0.2182003               0.1199567              -0.1200000
           204               0.2014452               0.1463585              -0.1200000
           205               0.1673746               0.0920150              -0.1200000
           206               0.1545222               0.1122670              -0.1200000
           207               0.1165488               0.0640732              -0.1200000
           208               0.1075993               0.0781754              -0.1200000
           209               0.0657230               0.0361315              -0.1200000
           210               0.0606763               0.0440839              -0.1200000
           211               0.2952912               0.2145416              -0.1200000
           212               0.2660735               0.2498597              -0.1200000
           213               0.2483682               0.1804501              -0.1200000
           214               0.2237933               0.2101560              -0.1200000
           215               0.2014452               0.1463585              -0.1200000
           216               0.1815132               0.1704522              -0.1200000
           217               0.1545222               0.1122670              -0.1200000
           218               0.1392330               0.1307485              -0.1200000
           219               0.1075993               0.0781754              -0.1200000
           220               0.0969528               0.0910448              -0.1200000
           221               0.0606763               0.0440839              -0.1200000
           222               0.0546727               0.0513410              -0.1200000
           223               0.2660735               0.2498597              -0.1200000
           224               0.2326598               0.2812373              -0.1200000
           225               0.2237933               0.2101560              -0.1200000
           226               0.1956892               0.2365475              -0.1200000
           227               0.1815132               0.1704522              -0.1200000
           228               0.1587186               0.1918578              -0.1200000
           229               0.1392330               0.1307485              -0.1200000
           230               0.1217480               0.1471680              -0.1200000
           231               0.0969528               0.0910448              -0.1200000
           232               0.0847774               0.1024783              -0.1200000
           233               0.0546727               0.0513410              -0.1200000
           234               0.0478068               0.0577885              -0.1200000
           235               0.2326598               0.2812373              -0.1200000
           236               0.1955768               0.3081797              -0.1200000
           237               0.1956892               0.2365475              -0.1200000
           238               0.1644989               0.2592087              -0.1200000
           239               0.1587186               0.1918578              -0.1200000
           240               0.1334209               0.2102377              -0.1200000
           241               0.1217480               0.1471680              -0.1200000
           242               0.1023429               0.1612666              -0.1200000
           243               0.0847774               0.1024783              -0.1200000
           244               0.0712650               0.1122956              -0.1200000
           245               0.0478068               0.0577885              -0.1200000
           246               0.0401870               0.0633246              -0.1200000
           247               0.1955768               0.3081797              -0.1200000
           248               0.1554094               0.3302619              -0.1200000
           249               0.1644989               0.2592087              -0.1200000
           250               0.1307142               0.2777819              -0.1200000
           251               0.1334209               0.2102377              -0.1200000
           252               0.1060190               0.2253020              -0.1200000
           253               0.1023429               0.1612666              -0.1200000
           254               0.0813238               0.1728220              -0.1200000
           255               0.0712650               0.1122956              -0.1200000
           256               0.0566286               0.1203420              -0.1200000
           257               0.0401870               0.0633246              -0.1200000
           258               0.0319334               0.0678620              -0.1200000
           259               0.1554094               0.3302619              -0.1200000
           260               0.1127912               0.3471356              -0.1200000
           261               0.1307142               0.2777819              -0.1200000
           262               0.0948682               0.2919743              -0.1200000
           263               0.1060190               0.2253020              -0.1200000
           264               0.0769452               0.2368131              -0.1200000
           265               0.0813238               0.1728220              -0.1200000
           266               0.0590222               0.1816518              -0.1200000
           267               0.0566286               0.1203420              -0.1200000
           268               0.0410993               0.1264905              -0.1200000
           269               0.0319334               0.0678620              -0.1200000
           270               0.0231763               0.0713292              -0.1200000
           271               0.1127912               0.3471356              -0.1200000
           272               0.0683942               0.3585348              -0.1200000
           273               0.0948682               0.2919743              -0.1200000
           274               0.0575261               0.3015622              -0.1200000
           275               0.0769452               0.2368131              -0.1200000
           276               0.0466579               0.2445895              -0.1200000
           277               0.0590222               0.1816518              -0.1200000
           278               0.0357898               0.1876169              -0.1200000
           279               0.0410993               0.1264905              -0.1200000
           280               0.0249217               0.1306442              -0.1200000
           281               0.0231763               0.0713292              -0.1200000
           282               0.0140536               0.0736715              -0.1200000
           283               0.0683942               0.3585348              -0.1200000
           284               0.0229185               0.3642798              -0.1200000
           285               0.0575261               0.3015622              -0.1200000
           286               0.0192767               0.3063942              -0.1200000
           287               0.0466579               0.2445895              -0.1200000
           288               0.0156348               0.2485087              -0.1200000
           289               0.0357898               0.1876169              -0.1200000
           290               0.0119930               0.1906231              -0.1200000
           291               0.0249217               0.1306442              -0.1200000
           292               0.0083511               0.1327375              -0.1200000
           293               0.0140536               0.0736715              -0.1200000
           294               0.0047093               0.0748520              -0.1200000
           295               0.0229185               0.3642798              -0.1200000
           296              -0.0229185               0.3642798              -0.1200000
           297               0.0192767               0.3063942              -0.1200000
           298              -0.0192767               0.3063942              -0.1200000
           299               0.0156348               0.2485087              -0.1200000
           300              -0.0156348               0.2485087              -0.1200000
           301               0.0119930               0.1906231              -0.1200000
           302              -0.0119930               0.1906231              -0.1200000
           303               0.0083511               0.1327375              -0.1200000
           304              -0.0083511               0.1327375              -0.1200000
           305               0.0047093               0.0748520              -0.1200000
           306              -0.0047093               0.0748520              -0.1200000
           307              -0.0229185               0.3642798              -0.1200000
           308              -0.0683942               0.3585348              -0.1200000
           309              -0.0192767               0.3063942              -0.1200000
           310              -0.0575261               0.3015622              -0.1200000
           311              -0.0156348               0.2485087              -0.1200000
           312              -0.0466579               0.2445895              -0.1200000
           313              -0.0119930               0.1906231              -0.1200000
           314              -0.0357898               0.1876169              -0.1200000
           315              -0.0083511               0.1327375              -0.1200000
           316              -0.0249217               0.1306442              -0.1200000
           317              -0.0047093               0.0748520              -0.1200000
           318              -0.0140536               0.0736715              -0.1200000
           319              -0.0683942               0.3585348              -0.1200000
           320              -0.1127912               0.3471356              -0.1200000
           321              -0.0575261               0.3015622              -0.1200000
           322              -0.0948682               0.2919743              -0.1200000
           323              -0.0466579               0.2445895              -0.1200000
           324              -0.0769452               0.2368131              -0.1200000
           325              -0.0357898               0.1876169              -0.1200000
           326              -0.0590222               0.1816518              -0.1200000
           327              -0.0249217               0.1306442              -0.1200000
           328              -0.0410993               0.1264905              -0.1200000
           329              -0.0140536               0.0736715              -0.1200000
           330              -0.0231763               0.0713292              -0.1200000
           331              -0.1127912               0.3471356              -0.1200000
           332              -0.1554094               0.3302619              -0.1200000
           333              -0.0948682               0.2919743              -0.1200000
           334              -0.1307142               0.2777819              -0.1200000
           335              -0.0769452               0.2368131              -0.1200000
           336              -0.1060190               0.2253020              -0.1200000
           337              -0.0590222               0.1816518              -0.1200000
           338              -0.0813238               0.1728220              -0.1200000
           339              -0.0410993               0.1264905              -0.1200000
           340              -0.0566286               0.1203420              -0.1200000
           341              -0.0231763               0.0713292              -0.1200000
           342              -0.0319334               0.0678620              -0.1200000
           343              -0.1554094               0.3302619              -0.1200000
           344              -0.1955768               0.3081797              -0.1200000
           345              -0.1307142               0.2777819              -0.1200000
           346              -0.1644989               0.2592087              -0.1200000
           347              -0.1060190               0.2253020              -0.1200000
           348              -0.1334209               0.2102377              -0.1200000
           349              -0.0813238               0.1728220              -0.1200000
           350              -0.1023429               0.1612666              -0.1200000
           351              -0.0566286               0.1203420              -0.1200000
           352              -0.0712650               0.1122956              -0.1200000
           353              -0.0319334               0.0678620              -0.1200000
           354              -0.0401870               0.0633246              -0.1200000
           355              -0.1955768               0.3081797              -0.1200000
           356              -0.2326598               0.2812373              -0.1200000
           357              -0.1644989               0.2592087              -0.1200000
           358              -0.1956892               0.2365475              -0.1200000
           359              -0.1334209               0.2102377              -0.1200000
           360              -0.1587186               0.1918578              -0.1200000
           361              -0.1023429               0.1612666              -0.1200000
           362              -0.1217480               0.1471680              -0.1200000
           363              -0.0712650               0.1122956              -0.1200000
           364              -0.0847774               0.1024783              -0.1200000
           365              -0.0401870               0.0633246              -0.1200000
           366              -0.0478068               0.0577885              -0.1200000
           367              -0.2326598               0.2812373              -0.1200000
           368              -0.2660735               0.2498597              -0.1200000
           369              -0.1956892               0.2365475              -0.1200000
           370              -0.2237933               0.2101560              -0.1200000
           371              -0.1587186               0.1918578              -0.1200000
           372              -0.1815132               0.1704522              -0.1200000
           373              -0.1217480               0.1471680              -0.1200000
           374              -0.1392330               0.1307485              -0.1200000
           375              -0.0847774               0.1024783              -0.1200000
           376              -0.0969528               0.0910448              -0.1200000
           377              -0.0478068               0.0577885              -0.1200000
           378              -0.0546727               0.0513410              -0.1200000
           379              -0.2660735               0.2498597              -0.1200000
           380              -0.2952912               0.2145416              -0.1200000
           381              -0.2237933               0.2101560              -0.1200000
           382              -0.2483682               0.1804501              -0.1200000
           383              -0.1815132               0.1704522              -0.1200000
           384              -0.2014452               0.1463585              -0.1200000
           385              -0.1392330               0.1307485              -0.1200000
           386              -0.1545222               0.1122670              -0.1200000
           387              -0.0969528               0.0910448              -0.1200000
           388              -0.1075993               0.0781754              -0.1200000
           389              -0.0546727               0.0513410              -0.1200000
           390              -0.0606763               0.0440839              -0.1200000
           391              -0.2952912               0.2145416              -0.1200000
           392              -0.3198519               0.1758401              -0.1200000
           393              -0.2483682               0.1804501              -0.1200000
           394              -0.2690261               0.1478984              -0.1200000
           395              -0.2014452               0.1463585              -0.1200000
           396              -0.2182003               0.1199567              -0.1200000
           397              -0.1545222               0.1122670              -0.1200000
           398              -0.1673746               0.0920150              -0.1200000
           399              -0.1075993               0.0781754              -0.1200000
           400              -0.1165488               0.0640732              -0.1200000
           401              -0.0606763               0.0440839              -0.1200000
           402              -0.0657230               0.0361315              -0.1200000
           403              -0.3198519               0.1758401              -0.1200000
           404              -0.3393684               0.1343655              -0.1200000
           405              -0.2690261               0.1478984              -0.1200000
           406              -0.2854414               0.1130143              -0.1200000
           407              -0.2182003               0.1199567              -0.1200000
           408              -0.2315143               0.0916630              -0.1200000
           409              -0.1673746               0.0920150              -0.1200000
           410              -0.1775873               0.0703118              -0.1200000
           411              -0.1165488               0.0640732              -0.1200000
           412              -0.1236603               0.0489606              -0.1200000
           413              -0.0657230               0.0361315              -0.1200000
           414              -0.0697332               0.0276093              -0.1200000
           415              -0.3393684               0.1343655              -0.1200000
           416              -0.3535329               0.0907718              -0.1200000
           417              -0.2854414               0.1130143              -0.1200000
           418              -0.2973551               0.0763478              -0.1200000
           419              -0.2315143               0.0916630              -0.1200000
           420              -0.2411772               0.0619238              -0.1200000
           421              -0.1775873               0.0703118              -0.1200000
           422              -0.1849994               0.0474998              -0.1200000
           423              -0.1236603               0.0489606              -0.1200000
           424              -0.1288216               0.0330758              -0.1200000
           425              -0.0697332               0.0276093              -0.1200000
           426              -0.0726438               0.0186517              -0.1200000
           427              -0.3535329               0.0907718              -0.1200000
           428              -0.3621219               0.0457466              -0.1200000
           429              -0.2973551               0.0763478              -0.1200000
           430              -0.3045793               0.0384773              -0.1200000
           431              -0.2411772               0.0619238              -0.1200000
           432              -0.2470366               0.0312080              -0.1200000
           433              -0.1849994               0.0474998              -0.1200000
           434              -0.1894939               0.0239386              -0.1200000
           435              -0.1288216               0.0330758              -0.1200000
           436              -0.1319513               0.0166693              -0.1200000
           437              -0.0726438               0.0186517              -0.1200000
           438              -0.0744086               0.0094000              -0.1200000
           439              -0.3621219               0.0457466              -0.1200000
           440              -0.3650000               0.0000000              -0.1200000
           441              -0.3045793               0.0384773              -0.1200000
           442              -0.3070000               0.0000000              -0.1200000
           443              -0.2470366               0.0312080              -0.1200000
           444              -0.2490000               0.0000000              -0.1200000
           445              -0.1894939               0.0239386              -0.1200000
           446              -0.1910000               0.0000000              -0.1200000
           447              -0.1319513               0.0166693              -0.1200000
           448              -0.1330000               0.0000000              -0.1200000
           449              -0.0744086               0.0094000              -0.1200000
           450              -0.0750000               0.0000000              -0.1200000
           451               0.3621219               0.0457466              -0.1210000
           452               0.3621219               0.0457466              -0.1200000
           453               0.3650000               0.0000000              -0.1210000
           454               0.3650000               0.0000000              -0.1200000
           455               0.3535329               0.0907718              -0.1210000
           456               0.3535329               0.0907718              -0.1200000
           457               0.3621219               0.0457466              -0.1210000
           458               0.3621219               0.0457466              -0.1200000
           459               0.3393684               0.1343655              -0.1210000
           460               0.3393684               0.1343655              -0.1200000
           461               0.3535329               0.0907718              -0.1210000
           462               0.3535329               0.0907718              -0.1200000
           463               0.3198519               0.1758401              -0.1210000
           464               0.3198519               0.1758401              -0.1200000
           465               0.3393684               0.1343655              -0.1210000
           466               0.3393684               0.1343655              -0.1200000
           467               0.2952912               0.2145416              -0.1210000
           468               0.2952912               0.2145416              -0.1200000
           469               0.3198519               0.1758401              -0.1210000
           470               0.3198519               0.1758401              -0.1200000
           471               0.2660735               0.2498597              -0.1210000
           472               0.2660735               0.2498597              -0.1200000
           473               0.2952912               0.2145416              -0.1210000
           474               0.2952912               0.2145416              -0.1200000
           475               0.2326598               0.2812373              -0.1210000
           476               0.2326598               0.2812373              -0.1200000
           477               0.2660735               0.2498597              -0.1210000
           478               0.2660735               0.2498597              -0.1200000
           479               0.1955768               0.3081797              -0.1210000
           480               0.1955768               0.3081797              -0.1200000
           481               0.2326598               0.2812373              -0.1210000
           482               0.2326598               0.2812373              -0.1200000
           483               0.1554094               0.3302619              -0.1210000
           484               0.1554094               0.3302619              -0.1200000
           485               0.1955768               0.3081797              -0.1210000
           486               0.1955768               0.3081797              -0.1200000
           487               0.1127912               0.3471356              -0.1210000
           488               0.1127912               0.3471356              -0.1200000
           489               0.1554094               0.3302619              -0.1210000
           490               0.1554094               0.3302619              -0.1200000
           491               0.0683942               0.3585348              -0.1210000
           492               0.0683942               0.3585348              -0.1200000
           493               0.1127912               0.3471356              -0.1210000
           494               0.1127912               0.3471356              -0.1200000
           495               0.0229185               0.3642798              -0.1210000
           496               0.0229185               0.3642798              -0.1200000
           497               0.0683942               0.3585348              -0.1210000
           498               0.0683942               0.3585348              -0.1200000
           499              -0.0229185               0.3642798              -0.1210000
           500              -0.0229185               0.3642798              -0.1200000
           501               0.0229185               0.3642798              -0.1210000
           502               0.0229185               0.3642798              -0.1200000
           503              -0.0683942               0.3585348              -0.1210000
           504              -0.0683942               0.3585348              -0.1200000
           505              -0.0229185               0.3642798              -0.1210000
           506              -0.0229185               0.3642798              -0.1200000
           507              -0.1127912               0.3471356              -0.1210000
           508              -0.1127912               0.3471356              -0.1200000
           509              -0.0683942               0.3585348              -0.1210000
           510              -0.0683942               0.3585348              -0.1200000
           511              -0.1554094               0.3302619              -0.1210000
           512              -0.1554094               0.3302619              -0.1200000
           513              -0.1127912               0.3471356              -0.1210000
           514              -0.1127912               0.3471356              -0.1200000
           515              -0.1955768               0.3081797              -0.1210000
           516              -0.1955768               0.3081797              -0.1200000
           517              -0.1554094               0.3302619              -0.1210000
           518              -0.1554094               0.3302619              -0.1200000
           519              -0.2326598               0.2812373              -0.1210000
           520              -0.2326598               0.2812373              -0.1200000
           521              -0.1955768               0.3081797              -0.1210000
           522              -0.1955768               0.3081797              -0.1200000
           523              -0.2660735               0.2498597              -0.1210000
           524              -0.2660735               0.2498597              -0.1200000
           525              -0.2326598               0.2812373              -0.1210000
           526              -0.2326598               0.2812373              -0.1200000
           527              -0.2952912               0.2145416              -0.1210000
           528              -0.2952912               0.2145416              -0.1200000
           529              -0.2660735               0.2498597              -0.1210000
           530              -0.2660735               0.2498597              -0.1200000
           531              -0.3198519               0.1758401              -0.1210000
           532              -0.3198519               0.1758401              -0.1200000
           533              -0.2952912               0.2145416              -0.1210000
           534              -0.2952912               0.2145416              -0.1200000
           535              -0.3393684               0.1343655              -0.1210000
           536              -0.3393684               0.1343655              -0.1200000
           537              -0.3198519               0.1758401              -0.1210000
           538              -0.3198519               0.1758401              -0.1200000
           539              -0.3535329               0.0907718              -0.1210000
           540              -0.3535329               0.0907718              -0.1200000
           541              -0.3393684               0.1343655              -0.1210000
           542              -0.3393684               0.1343655              -0.1200000
           543              -0.3621219               0.0457466              -0.1210000
           544              -0.3621219               0.0457466              -0.1200000
           545              -0.3535329               0.0907718              -0.1210000
           546              -0.3535329               0.0907718              -0.1200000
           547              -0.3650000               0.0000000              -0.1210000
           548              -0.3650000               0.0000000              -0.1200000
           549              -0.3621219               0.0457466              -0.1210000
           550              -0.3621219               0.0457466              -0.1200000
           551               0.0000000               0.0000000              -0.1210000
           552               0.0000000               0.0000000              -0.1210000
           553               0.0608333               0.0000000              -0.1210000
           554               0.0603537               0.0076244              -0.1210000
           555               0.1216667               0.0000000              -0.1210000
           556               0.1207073               0.0152489              -0.1210000
           557               0.1825000               0.0000000              -0.1210000
           558               0.1810610               0.0228733              -0.1210000
           559               0.2433333               0.0000000              -0.1210000
           560               0.2414146               0.0304978              -0.1210000
           561               0.3041667               0.0000000              -0.1210000
           562               0.3017683               0.0381222              -0.1210000
           563               0.3650000               0.0000000              -0.1210000
           564               0.3621219               0.0457466              -0.1210000
           565               0.0000000               0.0000000              -0.1210000
           566               0.0000000               0.0000000              -0.1210000
           567               0.0603537               0.0076244              -0.1210000
           568               0.0589222               0.0151286              -0.1210000
           569               0.1207073               0.0152489              -0.1210000
           570               0.1178443               0.0302573              -0.1210000
           571               0.1810610               0.0228733              -0.1210000
           572               0.1767665               0.0453859              -0.1210000
           573               0.2414146               0.0304978              -0.1210000
           574               0.2356886               0.0605145              -0.1210000
           575               0.3017683               0.0381222              -0.1210000
           576               0.2946108               0.0756432              -0.1210000
           577               0.3621219               0.0457466              -0.1210000
           578               0.3535329               0.0907718              -0.1210000
           579               0.0000000               0.0000000              -0.1210000
           580               0.0000000               0.0000000              -0.1210000
           581               0.0589222               0.0151286              -0.1210000
           582               0.0565614               0.0223942              -0.1210000
           583               0.1178443               0.0302573              -0.1210000
           584               0.1131228               0.0447885              -0.1210000
           585               0.1767665               0.0453859              -0.1210000
           586               0.1696842               0.0671827              -0.1210000
           587               0.2356886               0.0605145              -0.1210000
           588               0.2262456               0.0895770              -0.1210000
           589               0.2946108               0.0756432              -0.1210000
           590               0.2828070               0.1119713              -0.1210000
           591               0.3535329               0.0907718              -0.1210000
           592               0.3393684               0.1343655              -0.1210000
           593               0.0000000               0.0000000              -0.1210000
           594               0.0000000               0.0000000              -0.1210000
           595               0.0565614               0.0223942              -0.1210000
           596               0.0533087               0.0293067              -0.1210000
           597               0.1131228               0.0447885              -0.1210000
           598               0.1066173               0.0586134              -0.1210000
           599               0.1696842               0.0671827              -0.1210000
           600               0.1599260               0.0879200              -0.1210000
           601               0.2262456               0.0895770              -0.1210000
           602               0.2132346               0.1172267              -0.1210000
           603               0.2828070               0.1119713              -0.1210000
           604               0.2665432               0.1465334              -0.1210000
           605               0.3393684               0.1343655              -0.1210000
           606               0.3198519               0.1758401              -0.1210000
           607               0.0000000               0.0000000              -0.1210000
           608               0.0000000               0.0000000              -0.1210000
           609               0.0533087               0.0293067              -0.1210000
           610               0.0492152               0.0357569              -0.1210000
           611               0.1066173               0.0586134              -0.1210000
           612               0.0984304               0.0715139              -0.1210000
           613               0.1599260               0.0879200              -0.1210000
           614               0.1476456               0.1072708              -0.1210000
           615               0.2132346               0.1172267              -0.1210000
           616               0.1968608               0.1430277              -0.1210000
           617               0.2665432               0.1465334              -0.1210000
           618               0.2460760               0.1787847              -0.1210000
           619               0.3198519               0.1758401              -0.1210000
           620               0.2952912               0.2145416              -0.1210000
           621               0.0000000               0.0000000              -0.1210000
           622               0.0000000               0.0000000              -0.1210000
           623               0.0492152               0.0357569              -0.1210000
           624               0.0443456               0.0416433              -0.1210000
           625               0.0984304               0.0715139              -0.1210000
           626               0.0886912               0.0832866              -0.1210000
           627               0.1476456               0.1072708              -0.1210000
           628               0.1330367               0.1249299              -0.1210000
           629               0.1968608               0.1430277              -0.1210000
           630               0.1773823               0.1665731              -0.1210000
           631               0.2460760               0.1787847              -0.1210000
           632               0.2217279               0.2082164              -0.1210000
           633               0.2952912               0.2145416              -0.1210000
           634               0.2660735               0.2498597              -0.1210000
           635               0.0000000               0.0000000              -0.1210000
           636               0.0000000               0.0000000              -0.1210000
           637               0.0443456               0.0416433              -0.1210000
           638               0.0387766               0.0468729              -0.1210000
           639               0.0886912               0.0832866              -0.1210000
           640               0.0775533               0.0937458              -0.1210000
           641               0.1330367               0.1249299              -0.1210000
           642               0.1163299               0.1406187              -0.1210000
           643               0.1773823               0.1665731              -0.1210000
           644               0.1551065               0.1874915              -0.1210000
           645               0.2217279               0.2082164              -0.1210000
           646               0.1938832               0.2343644              -0.1210000
           647               0.2660735               0.2498597              -0.1210000
           648               0.2326598               0.2812373              -0.1210000
           649               0.0000000               0.0000000              -0.1210000
           650               0.0000000               0.0000000              -0.1210000
           651               0.0387766               0.0468729              -0.1210000
           652               0.0325961               0.0513633              -0.1210000
           653               0.0775533               0.0937458              -0.1210000
           654               0.0651923               0.1027266              -0.1210000
           655               0.1163299               0.1406187              -0.1210000
           656               0.0977884               0.1540899              -0.1210000
           657               0.1551065               0.1874915              -0.1210000
           658               0.1303845               0.2054531              -0.1210000
           659               0.1938832               0.2343644              -0.1210000
           660               0.1629807               0.2568164              -0.1210000
           661               0.2326598               0.2812373              -0.1210000
           662               0.1955768               0.3081797              -0.1210000
           663               0.0000000               0.0000000              -0.1210000
           664               0.0000000               0.0000000              -0.1210000
           665               0.0325961               0.0513633              -0.1210000
           666               0.0259016               0.0550436              -0.1210000
           667               0.0651923               0.1027266              -0.1210000
           668               0.0518031               0.1100873              -0.1210000
           669               0.0977884               0.1540899              -0.1210000
           670               0.0777047               0.1651309              -0.1210000
           671               0.1303845               0.2054531              -0.1210000
           672               0.1036063               0.2201746              -0.1210000
           673               0.1629807               0.2568164              -0.1210000
           674               0.1295078               0.2752182              -0.1210000
           675               0.1955768               0.3081797              -0.1210000
           676               0.1554094               0.3302619              -0.1210000
           677               0.0000000               0.0000000              -0.1210000
           678               0.0000000               0.0000000              -0.1210000
           679               0.0259016               0.0550436              -0.1210000
           680               0.0187985               0.0578559              -0.1210000
           681               0.0518031               0.1100873              -0.1210000
           682               0.0375971               0.1157119              -0.1210000
           683               0.0777047               0.1651309              -0.1210000
           684               0.0563956               0.1735678              -0.1210000
           685               0.1036063               0.2201746              -0.1210000
           686               0.0751941               0.2314237              -0.1210000
           687               0.1295078               0.2752182              -0.1210000
           688               0.0939927               0.2892797              -0.1210000
           689               0.1554094               0.3302619              -0.1210000
           690               0.1127912               0.3471356              -0.1210000
           691               0.0000000               0.0000000              -0.1210000
           692               0.0000000               0.0000000              -0.1210000
           693               0.0187985               0.0578559              -0.1210000
           694               0.0113990               0.0597558              -0.1210000
           695               0.0375971               0.1157119              -0.1210000
           696               0.0227981               0.1195116              -0.1210000
           697               0.0563956               0.1735678              -0.1210000
           698               0.0341971               0.1792674              -0.1210000
           699               0.0751941               0.2314237              -0.1210000
           700               0.0455961               0.2390232              -0.1210000
           701               0.0939927               0.2892797              -0.1210000
           702               0.0569951               0.2987790              -0.1210000
           703               0.1127912               0.3471356              -0.1210000
           704               0.0683942               0.3585348              -0.1210000
           705               0.0000000               0.0000000              -0.1210000
           706               0.0000000               0.0000000              -0.1210000
           707               0.0113990               0.0597558              -0.1210000
           708               0.0038198               0.0607133              -0.1210000
           709               0.0227981               0.1195116              -0.1210000
           710               0.0076395               0.1214266              -0.1210000
           711               0.0341971               0.1792674              -0.1210000
           712               0.0114593               0.1821399              -0.1210000
           713               0.0455961               0.2390232              -0.1210000
           714               0.0152790               0.2428532              -0.1210000
           715               0.0569951               0.2987790              -0.1210000
           716               0.0190988               0.3035665              -0.1210000
           717               0.0683942               0.3585348              -0.1210000
           718               0.0229185               0.3642798              -0.1210000
           719               0.0000000               0.0000000              -0.1210000
           720               0.0000000               0.0000000              -0.1210000
           721               0.0038198               0.0607133              -0.1210000
           722              -0.0038198               0.0607133              -0.1210000
           723               0.0076395               0.1214266              -0.1210000
           724              -0.0076395               0.1214266              -0.1210000
           725               0.0114593               0.1821399              -0.1210000
           726              -0.0114593               0.1821399              -0.1210000
           727               0.0152790               0.2428532              -0.1210000
           728              -0.0152790               0.2428532              -0.1210000
           729               0.0190988               0.3035665              -0.1210000
           730              -0.0190988               0.3035665              -0.1210000
           731               0.0229185               0.3642798              -0.1210000
           732              -0.0229185               0.3642798              -0.1210000
           733               0.0000000               0.0000000              -0.1210000
           734               0.0000000               0.0000000              -0.1210000
           735              -0.0038198               0.0607133              -0.1210000
           736              -0.0113990               0.0597558              -0.1210000
           737              -0.0076395               0.1214266              -0.1210000
           738              -0.0227981               0.1195116              -0.1210000
           739              -0.0114593               0.1821399              -0.1210000
           740              -0.0341971               0.1792674              -0.1210000
           741              -0.0152790               0.2428532              -0.1210000
           742              -0.0455961               0.2390232              -0.1210000
           743              -0.0190988               0.3035665              -0.1210000
           744              -0.0569951               0.2987790              -0.1210000
           745              -0.0229185               0.3642798              -0.1210000
           746              -0.0683942               0.3585348              -0.1210000
           747               0.0000000               0.0000000              -0.1210000
           748               0.0000000               0.0000000              -0.1210000
           749              -0.0113990               0.0597558              -0.1210000
           750              -0.0187985               0.0578559              -0.1210000
           751              -0.0227981               0.1195116              -0.1210000
           752              -0.0375971               0.1157119              -0.1210000
           753              -0.0341971               0.1792674              -0.1210000
           754              -0.0563956               0.1735678              -0.1210000
           755              -0.0455961               0.2390232              -0.1210000
           756              -0.0751941               0.2314237              -0.1210000
           757              -0.0569951               0.2987790              -0.1210000
           758              -0.0939927               0.2892797              -0.1210000
           759              -0.0683942               0.3585348              -0.1210000
           760              -0.1127912               0.3471356              -0.1210000
           761               0.0000000               0.0000000              -0.1210000
           762               0.0000000               0.0000000              -0.1210000
           763              -0.0187985               0.0578559              -0.1210000
           764              -0.0259016               0.0550436              -0.1210000
           765              -0.0375971               0.1157119              -0.1210000
           766              -0.0518031               0.1100873              -0.1210000
           767              -0.0563956               0.1735678              -0.1210000
           768              -0.0777047               0.1651309              -0.1210000
           769              -0.0751941               0.2314237              -0.1210000
           770              -0.1036063               0.2201746              -0.1210000
           771              -0.0939927               0.2892797              -0.1210000
           772              -0.1295078               0.2752182              -0.1210000
           773              -0.1127912               0.3471356              -0.1210000
           774              -0.1554094               0.3302619              -0.1210000
           775               0.0000000               0.0000000              -0.1210000
           776               0.0000000               0.0000000              -0.1210000
           777              -0.0259016               0.0550436              -0.1210000
           778              -0.0325961               0.0513633              -0.1210000
           779              -0.0518031               0.1100873              -0.1210000
           780              -0.0651923               0.1027266              -0.1210000
           781              -0.0777047               0.1651309              -0.1210000
           782              -0.0977884               0.1540899              -0.1210000
           783              -0.1036063               0.2201746              -0.1210000
           784              -0.1303845               0.2054531              -0.1210000
           785              -0.1295078               0.2752182              -0.1210000
           786              -0.1629807               0.2568164              -0.1210000
           787              -0.1554094               0.3302619              -0.1210000
           788              -0.1955768               0.3081797              -0.1210000
           789               0.0000000               0.0000000              -0.1210000
           790               0.0000000               0.0000000              -0.1210000
           791              -0.0325961               0.0513633              -0.1210000
           792              -0.0387766               0.0468729              -0.1210000
           793              -0.0651923               0.1027266              -0.1210000
           794              -0.0775533               0.0937458              -0.1210000
           795              -0.0977884               0.1540899              -0.1210000
           796              -0.1163299               0.1406187              -0.1210000
           797              -0.1303845               0.2054531              -0.1210000
           798              -0.1551065               0.1874915              -0.1210000
           799              -0.1629807               0.2568164              -0.1210000
           800              -0.1938832               0.2343644              -0.1210000
           801              -0.1955768               0.3081797              -0.1210000
           802              -0.2326598               0.2812373              -0.1210000
           803               0.0000000               0.0000000              -0.1210000
           804               0.0000000               0.0000000              -0.1210000
           805              -0.0387766               0.0468729              -0.1210000
           806              -0.0443456               0.0416433              -0.1210000
           807              -0.0775533               0.0937458              -0.1210000
           808              -0.0886912               0.0832866              -0.1210000
           809              -0.1163299               0.1406187              -0.1210000
           810              -0.1330367               0.1249299              -0.1210000
           811              -0.1551065               0.1874915              -0.1210000
           812              -0.1773823               0.1665731              -0.1210000
           813              -0.1938832               0.2343644              -0.1210000
           814              -0.2217279               0.2082164              -0.1210000
           815              -0.2326598               0.2812373              -0.1210000
           816              -0.2660735               0.2498597              -0.1210000
           817               0.0000000               0.0000000              -0.1210000
           818               0.0000000               0.0000000              -0.1210000
           819              -0.0443456               0.0416433              -0.1210000
           820              -0.0492152               0.0357569              -0.1210000
           821              -0.0886912               0.0832866              -0.1210000
           822              -0.0984304               0.0715139              -0.1210000
           823              -0.1330367               0.1249299              -0.1210000
           824              -0.1476456               0.1072708              -0.1210000
           825              -0.1773823               0.1665731              -0.1210000
           826              -0.1968608               0.1430277              -0.1210000
           827              -0.2217279               0.2082164              -0.1210000
           828              -0.2460760               0.1787847              -0.1210000
           829              -0.2660735               0.2498597              -0.1210000
           830              -0.2952912               0.2145416              -0.1210000
           831               0.0000000               0.0000000              -0.1210000
           832               0.0000000               0.0000000              -0.1210000
           833              -0.0492152               0.0357569              -0.1210000
           834              -0.0533087               0.0293067              -0.1210000
           835              -0.0984304               0.0715139              -0.1210000
           836              -0.1066173               0.0586134              -0.1210000
           837              -0.1476456               0.1072708              -0.1210000
           838              -0.1599260               0.0879200              -0.1210000
           839              -0.1968608               0.1430277              -0.1210000
           840              -0.2132346               0.1172267              -0.1210000
           841              -0.2460760               0.1787847              -0.1210000
           842              -0.2665432               0.1465334              -0.1210000
           843              -0.2952912               0.2145416              -0.1210000
           844              -0.3198519               0.1758401              -0.1210000
           845               0.0000000               0.0000000              -0.1210000
           846               0.0000000               0.0000000              -0.1210000
           847              -0.0533087               0.0293067              -0.1210000
           848              -0.0565614               0.0223942              -0.1210000
           849              -0.1066173               0.0586134              -0.1210000
           850              -0.1131228               0.0447885              -0.1210000
           851              -0.1599260               0.0879200              -0.1210000
           852              -0.1696842               0.0671827              -0.1210000
           853              -0.2132346               0.1172267              -0.1210000
           854              -0.2262456               0.0895770              -0.1210000
           855              -0.2665432               0.1465334              -0.1210000
           856              -0.2828070               0.1119713              -0.1210000
           857              -0.3198519               0.1758401              -0.1210000
           858              -0.3393684               0.1343655              -0.1210000
           859               0.0000000               0.0000000              -0.1210000
           860               0.0000000               0.0000000              -0.1210000
           861              -0.0565614               0.0223942              -0.1210000
           862              -0.0589222               0.0151286              -0.1210000
           863              -0.1131228               0.0447885              -0.1210000
           864              -0.1178443               0.0302573              -0.1210000
           865              -0.1696842               0.0671827              -0.1210000
           866              -0.1767665               0.0453859              -0.1210000
           867              -0.2262456               0.0895770              -0.1210000
           868              -0.2356886               0.0605145              -0.1210000
           869              -0.2828070               0.1119713              -0.1210000
           870              -0.2946108               0.0756432              -0.1210000
           871              -0.3393684               0.1343655              -0.1210000
           872              -0.3535329               0.0907718              -0.1210000
           873               0.0000000               0.0000000              -0.1210000
           874               0.0000000               0.0000000              -0.1210000
           875              -0.0589222               0.0151286              -0.1210000
           876              -0.0603537               0.0076244              -0.1210000
           877              -0.1178443               0.0302573              -0.1210000
           878              -0.1207073               0.0152489              -0.1210000
           879              -0.1767665               0.0453859              -0.1210000
           880              -0.1810610               0.0228733              -0.1210000
           881              -0.2356886               0.0605145              -0.1210000
           882              -0.2414146               0.0304978              -0.1210000
           883              -0.2946108               0.0756432              -0.1210000
           884              -0.3017683               0.0381222              -0.1210000
           885              -0.3535329               0.0907718              -0.1210000
           886              -0.3621219               0.0457466              -0.1210000
           887               0.0000000               0.0000000              -0.1210000
           888               0.0000000               0.0000000              -0.1210000
           889              -0.0603537               0.0076244              -0.1210000
           890              -0.0608333               0.0000000              -0.1210000
           891              -0.1207073               0.0152489              -0.1210000
           892              -0.1216667               0.0000000              -0.1210000
           893              -0.1810610               0.0228733              -0.1210000
           894              -0.1825000               0.0000000              -0.1210000
           895              -0.2414146               0.0304978              -0.1210000
           896              -0.2433333               0.0000000              -0.1210000
           897              -0.3017683               0.0381222              -0.1210000
           898              -0.3041667               0.0000000              -0.1210000
           899              -0.3621219               0.0457466              -0.1210000
           900              -0.3650000               0.0000000              -0.1210000
             0          0.00          0.00          0.00
             1             2             5             4
             2             3             6             5
             7             8            11            10
             8             9            12            11
            13            14            17            16
            14            15            18            17
            19            20            23            22
            20            21            24            23
            25            26            29            28
            26            27            30            29
            31            32            35            34
            32            33            36            35
            37            38            41            40
            38            39            42            41
            43            44            47            46
            44            45            48            47
            49            50            53            52
            50            51            54            53
            55            56            59            58
            56            57            60            59
            61            62            65            64
            62            63            66            65
            67            68            71            70
            68            69            72            71
            73            74            77            76
            74            75            78            77
            79            80            83            82
            80            81            84            83
            85            86            89            88
            86            87            90            89
            91            92            95            94
            92            93            96            95
            97            98           101           100
            98            99           102           101
           103           104           107           106
           104           105           108           107
           109           110           113           112
           110           111           114           113
           115           116           119           118
           116           117           120           119
           121           122           125           124
           122           123           126           125
           127           128           131           130
           128           129           132           131
           133           134           137           136
           134           135           138           137
           139           140           143           142
           140           141           144           143
           145           146           149           148
           146           147           150           149
           151           152           154           153
           153           154           156           155
           155           156           158           157
           157           158           160           159
           159           160           162           161
           163           164           166           165
           165           166           168           167
           167           168           170           169
           169           170           172           171
           171           172           174           173
           175           176           178           177
           177           178           180           179
           179           180           182           181
           181           182           184           183
           183           184           186           185
           187           188           190           189
           189           190           192           191
           191           192           194           193
           193           194           196           195
           195           196           198           197
           199           200           202           201
           201           202           204           203
           203           204           206           205
           205           206           208           207
           207           208           210           209
           211           212           214           213
           213           214           216           215
           215           216           218           217
           217           218           220           219
           219           220           222           221
           223           224           226           225
           225           226           228           227
           227           228           230           229
           229           230           232           231
           231           232           234           233
           235           236           238           237
           237           238           240           239
           239           240           242           241
           241           242           244           243
           243           244           246           245
           247           248           250           249
           249           250           252           251
           251           252           254           253
           253           254           256           255
           255           256           258           257
           259           260           262           261
           261           262           264           263
           263           264           266           265
           265           266           268           267
           267           268           270           269
           271           272           274           273
           273           274           276           275
           275           276           278           277
           277           278           280           279
           279           280           282           281
           283           284           286           285
           285           286           288           287
           287           288           290           289
           289           290           292           291
           291           292           294           293
           295           296           298           297
           297           298           300           299
           299           300           302           301
           301           302           304           303
           303           304           306           305
           307           308           310           309
           309           310           312           311
           311           312           314           313
           313           314           316           315
           315           316           318           317
           319           320           322           321
           321           322           324           323
           323           324           326           325
           325           326           328           327
           327           328           330           329
           331           332           334           333
           333           334           336           335
           335           336           338           337
           337           338           340           339
           339           340           342           341
           343           344           346           345
           345           346           348           347
           347           348           350           349
           349           350           352           351
           351           352           354           353
           355           356           358           357
           357           358           360           359
           359           360           362           361
           361           362           364           363
           363           364           366           365
           367           368           370           369
           369           370           372           371
           371           372           374           373
           373           374           376           375
           375           376           378           377
           379           380           382           381
           381           382           384           383
           383           384           386           385
           385           386           388           387
           387           388           390           389
           391           392           394           393
           393           394           396           395
           395           396           398           397
           397           398           400           399
           399           400           402           401
           403           404           406           405
           405           406           408           407
           407           408           410           409
           409           410           412           411
           411           412           414           413
           415           416           418           417
           417           418           420           419
           419           420           422           421
           421           422           424           423
           423           424           426           425
           427           428           430           429
           429           430           432           431
           431           432           434           433
           433           434           436           435
           435           436           438           437
           439           440           442           441
           441           442           444           443
           443           444           446           445
           445           446           448           447
           447           448           450           449
           451           452           454           453
           455           456           458           457
           459           460           462           461
           463           464           466           465
           467           468           470           469
           471           472           474           473
           475           476           478           477
           479           480           482           481
           483           484           486           485
           487           488           490           489
           491           492           494           493
           495           496           498           497
           499           500           502           501
           503           504           506           505
           507           508           510           509
           511           512           514           513
           515           516           518           517
           519           520           522           521
           523           524           526           525
           527           528           530           529
           531           532           534           533
           535           536           538           537
           539           540           542           541
           543           544           546           545
           547           548           550           549
           551           552           554           553
           553           554           556           555
           555           556           558           557
           557           558           560           559
           559           560           562           561
           561           562           564           563
           565           566           568           567
           567           568           570           569
           569           570           572           571
           571           572           574           573
           573           574           576           575
           575           576           578           577
           579           580           582           581
           581           582           584           583
           583           584           586           585
           585           586           588           587
           587           588           590           589
           589           590           592           591
           593           594           596           595
           595           596           598           597
           597           598           600           599
           599           600           602           601
           601           602           604           603
           603           604           606           605
           607           608           610           609
           609           610           612           611
           611           612           614           613
           613           614           616           615
           615           616           618           617
           617           618           620           619
           621           622           624           623
           623           624           626           625
           625           626           628           627
           627           628           630           629
           629           630           632           631
           631           632           634           633
           635           636           638           637
           637           638           640           639
           639           640           642           641
           641           642           644           643
           643           644           646           645
           645           646           648           647
           649           650           652           651
           651           652           654           653
           653           654           656           655
           655           656           658           657
           657           658           660           659
           659           660           662           661
           663           664           666           665
           665           666           668           667
           667           668           670           669
           669           670           672           671
           671           672           674           673
           673           674           676           675
           677           678           680           679
           679           680           682           681
           681           682           684           683
           683           684           686           685
           685           686           688           687
           687           688           690           689
           691           692           694           693
           693           694           696           695
           695           696           698           697
           697           698           700           699
           699           700           702           701
           701           702           704           703
           705           706           708           707
           707           708           710           709
           709           710           712           711
           711           712           714           713
           713           714           716           715
           715           716           718           717
           719           720           722           721
           721           722           724           723
           723           724           726           725
           725           726           728           727
           727           728           730           729
           729           730           732           731
           733           734           736           735
           735           736           738           737
           737           738           740           739
           739           740           742           741
           741           742           744           743
           743           744           746           745
           747           748           750           749
           749           750           752           751
           751           752           754           753
           753           754           756           755
           755           756           758           757
           757           758           760           759
           761           762           764           763
           763           764           766           765
           765           766           768           767
           767           768           770           769
           769           770           772           771
           771           772           774           773
           775           776           778           777
           777           778           780           779
           779           780           782           781
           781           782           784           783
           783           784           786           785
           785           786           788           787
           789           790           792           791
           791           792           794           793
           793           794           796           795
           795           796           798           797
           797           798           800           799
           799           800           802           801
           803           804           806           805
           805           806           808           807
           807           808           810           809
           809           810           812           811
           811           812           814           813
           813           814           816           815
           817           818           820           819
           819           820           822           821
           821           822           824           823
           823           824           826           825
           825           826           828           827
           827           828           830           829
           831           832           834           833
           833           834           836           835
           835           836           838           837
           837           838           840           839
           839           840           842           841
           841           842           844           843
           845           846           848           847
           847           848           850           849
           849           850           852           851
           851           852           854           853
           853           854           856           855
           855           856           858           857
           859           860           862           861
           861           862           864           863
           863           864           866           865
           865           866           868           867
           867           868           870           869
           869           870           872           871
           873           874           876           875
           875           876           878           877
           877           878           880           879
           879           880           882           881
           881           882           884           883
           883           884           886           885
           887           888           890           889
           889           890           892           891
           891           892           894           893
           893           894           896           895
           895           896           898           897
           897           898           900           899
          0          0          0          0
