  2   1
     1  0.7440860E-01  0.9400000E-02 -0.1200000E+00
     2  0.7440860E-01  0.9400000E-02 -0.6000000E-01
     3  0.7440860E-01  0.9400000E-02  0.0000000E+00
     4  0.7500000E-01  0.0000000E+00 -0.1200000E+00
     5  0.7500000E-01  0.0000000E+00 -0.6000000E-01
     6  0.7500000E-01  0.0000000E+00  0.0000000E+00
     7  0.7264370E-01  0.1865170E-01 -0.1200000E+00
     8  0.7264370E-01  0.1865170E-01 -0.6000000E-01
     9  0.7264370E-01  0.1865170E-01  0.0000000E+00
    10  0.7440860E-01  0.9400000E-02 -0.1200000E+00
    11  0.7440860E-01  0.9400000E-02 -0.6000000E-01
    12  0.7440860E-01  0.9400000E-02  0.0000000E+00
    13  0.6973320E-01  0.2760930E-01 -0.1200000E+00
    14  0.6973320E-01  0.2760930E-01 -0.6000000E-01
    15  0.6973320E-01  0.2760930E-01  0.0000000E+00
    16  0.7264370E-01  0.1865170E-01 -0.1200000E+00
    17  0.7264370E-01  0.1865170E-01 -0.6000000E-01
    18  0.7264370E-01  0.1865170E-01  0.0000000E+00
    19  0.6572300E-01  0.3613150E-01 -0.1200000E+00
    20  0.6572300E-01  0.3613150E-01 -0.6000000E-01
    21  0.6572300E-01  0.3613150E-01  0.0000000E+00
    22  0.6973320E-01  0.2760930E-01 -0.1200000E+00
    23  0.6973320E-01  0.2760930E-01 -0.6000000E-01
    24  0.6973320E-01  0.2760930E-01  0.0000000E+00
    25  0.6067630E-01  0.4408390E-01 -0.1200000E+00
    26  0.6067630E-01  0.4408390E-01 -0.6000000E-01
    27  0.6067630E-01  0.4408390E-01  0.0000000E+00
    28  0.6572300E-01  0.3613150E-01 -0.1200000E+00
    29  0.6572300E-01  0.3613150E-01 -0.6000000E-01
    30  0.6572300E-01  0.3613150E-01  0.0000000E+00
    31  0.5467270E-01  0.5134100E-01 -0.1200000E+00
    32  0.5467270E-01  0.5134100E-01 -0.6000000E-01
    33  0.5467270E-01  0.5134100E-01  0.0000000E+00
    34  0.6067630E-01  0.4408390E-01 -0.1200000E+00
    35  0.6067630E-01  0.4408390E-01 -0.6000000E-01
    36  0.6067630E-01  0.4408390E-01  0.0000000E+00
    37  0.4780680E-01  0.5778850E-01 -0.1200000E+00
    38  0.4780680E-01  0.5778850E-01 -0.6000000E-01
    39  0.4780680E-01  0.5778850E-01  0.0000000E+00
    40  0.5467270E-01  0.5134100E-01 -0.1200000E+00
    41  0.5467270E-01  0.5134100E-01 -0.6000000E-01
    42  0.5467270E-01  0.5134100E-01  0.0000000E+00
    43  0.4018700E-01  0.6332460E-01 -0.1200000E+00
    44  0.4018700E-01  0.6332460E-01 -0.6000000E-01
    45  0.4018700E-01  0.6332460E-01  0.0000000E+00
    46  0.4780680E-01  0.5778850E-01 -0.1200000E+00
    47  0.4780680E-01  0.5778850E-01 -0.6000000E-01
    48  0.4780680E-01  0.5778850E-01  0.0000000E+00
    49  0.3193340E-01  0.6786200E-01 -0.1200000E+00
    50  0.3193340E-01  0.6786200E-01 -0.6000000E-01
    51  0.3193340E-01  0.6786200E-01  0.0000000E+00
    52  0.4018700E-01  0.6332460E-01 -0.1200000E+00
    53  0.4018700E-01  0.6332460E-01 -0.6000000E-01
    54  0.4018700E-01  0.6332460E-01  0.0000000E+00
    55  0.2317630E-01  0.7132920E-01 -0.1200000E+00
    56  0.2317630E-01  0.7132920E-01 -0.6000000E-01
    57  0.2317630E-01  0.7132920E-01  0.0000000E+00
    58  0.3193340E-01  0.6786200E-01 -0.1200000E+00
    59  0.3193340E-01  0.6786200E-01 -0.6000000E-01
    60  0.3193340E-01  0.6786200E-01  0.0000000E+00
    61  0.1405360E-01  0.7367150E-01 -0.1200000E+00
    62  0.1405360E-01  0.7367150E-01 -0.6000000E-01
    63  0.1405360E-01  0.7367150E-01  0.0000000E+00
    64  0.2317630E-01  0.7132920E-01 -0.1200000E+00
    65  0.2317630E-01  0.7132920E-01 -0.6000000E-01
    66  0.2317630E-01  0.7132920E-01  0.0000000E+00
    67  0.4709300E-02  0.7485200E-01 -0.1200000E+00
    68  0.4709300E-02  0.7485200E-01 -0.6000000E-01
    69  0.4709300E-02  0.7485200E-01  0.0000000E+00
    70  0.1405360E-01  0.7367150E-01 -0.1200000E+00
    71  0.1405360E-01  0.7367150E-01 -0.6000000E-01
    72  0.1405360E-01  0.7367150E-01  0.0000000E+00
    73 -0.4709300E-02  0.7485200E-01 -0.1200000E+00
    74 -0.4709300E-02  0.7485200E-01 -0.6000000E-01
    75 -0.4709300E-02  0.7485200E-01  0.0000000E+00
    76  0.4709300E-02  0.7485200E-01 -0.1200000E+00
    77  0.4709300E-02  0.7485200E-01 -0.6000000E-01
    78  0.4709300E-02  0.7485200E-01  0.0000000E+00
    79 -0.1405360E-01  0.7367150E-01 -0.1200000E+00
    80 -0.1405360E-01  0.7367150E-01 -0.6000000E-01
    81 -0.1405360E-01  0.7367150E-01  0.0000000E+00
    82 -0.4709300E-02  0.7485200E-01 -0.1200000E+00
    83 -0.4709300E-02  0.7485200E-01 -0.6000000E-01
    84 -0.4709300E-02  0.7485200E-01  0.0000000E+00
    85 -0.2317630E-01  0.7132920E-01 -0.1200000E+00
    86 -0.2317630E-01  0.7132920E-01 -0.6000000E-01
    87 -0.2317630E-01  0.7132920E-01  0.0000000E+00
    88 -0.1405360E-01  0.7367150E-01 -0.1200000E+00
    89 -0.1405360E-01  0.7367150E-01 -0.6000000E-01
    90 -0.1405360E-01  0.7367150E-01  0.0000000E+00
    91 -0.3193340E-01  0.6786200E-01 -0.1200000E+00
    92 -0.3193340E-01  0.6786200E-01 -0.6000000E-01
    93 -0.3193340E-01  0.6786200E-01  0.0000000E+00
    94 -0.2317630E-01  0.7132920E-01 -0.1200000E+00
    95 -0.2317630E-01  0.7132920E-01 -0.6000000E-01
    96 -0.2317630E-01  0.7132920E-01  0.0000000E+00
    97 -0.4018700E-01  0.6332460E-01 -0.1200000E+00
    98 -0.4018700E-01  0.6332460E-01 -0.6000000E-01
    99 -0.4018700E-01  0.6332460E-01  0.0000000E+00
   100 -0.3193340E-01  0.6786200E-01 -0.1200000E+00
   101 -0.3193340E-01  0.6786200E-01 -0.6000000E-01
   102 -0.3193340E-01  0.6786200E-01  0.0000000E+00
   103 -0.4780680E-01  0.5778850E-01 -0.1200000E+00
   104 -0.4780680E-01  0.5778850E-01 -0.6000000E-01
   105 -0.4780680E-01  0.5778850E-01  0.0000000E+00
   106 -0.4018700E-01  0.6332460E-01 -0.1200000E+00
   107 -0.4018700E-01  0.6332460E-01 -0.6000000E-01
   108 -0.4018700E-01  0.6332460E-01  0.0000000E+00
   109 -0.5467270E-01  0.5134100E-01 -0.1200000E+00
   110 -0.5467270E-01  0.5134100E-01 -0.6000000E-01
   111 -0.5467270E-01  0.5134100E-01  0.0000000E+00
   112 -0.4780680E-01  0.5778850E-01 -0.1200000E+00
   113 -0.4780680E-01  0.5778850E-01 -0.6000000E-01
   114 -0.4780680E-01  0.5778850E-01  0.0000000E+00
   115 -0.6067630E-01  0.4408390E-01 -0.1200000E+00
   116 -0.6067630E-01  0.4408390E-01 -0.6000000E-01
   117 -0.6067630E-01  0.4408390E-01  0.0000000E+00
   118 -0.5467270E-01  0.5134100E-01 -0.1200000E+00
   119 -0.5467270E-01  0.5134100E-01 -0.6000000E-01
   120 -0.5467270E-01  0.5134100E-01  0.0000000E+00
   121 -0.6572300E-01  0.3613150E-01 -0.1200000E+00
   122 -0.6572300E-01  0.3613150E-01 -0.6000000E-01
   123 -0.6572300E-01  0.3613150E-01  0.0000000E+00
   124 -0.6067630E-01  0.4408390E-01 -0.1200000E+00
   125 -0.6067630E-01  0.4408390E-01 -0.6000000E-01
   126 -0.6067630E-01  0.4408390E-01  0.0000000E+00
   127 -0.6973320E-01  0.2760930E-01 -0.1200000E+00
   128 -0.6973320E-01  0.2760930E-01 -0.6000000E-01
   129 -0.6973320E-01  0.2760930E-01  0.0000000E+00
   130 -0.6572300E-01  0.3613150E-01 -0.1200000E+00
   131 -0.6572300E-01  0.3613150E-01 -0.6000000E-01
   132 -0.6572300E-01  0.3613150E-01  0.0000000E+00
   133 -0.7264370E-01  0.1865170E-01 -0.1200000E+00
   134 -0.7264370E-01  0.1865170E-01 -0.6000000E-01
   135 -0.7264370E-01  0.1865170E-01  0.0000000E+00
   136 -0.6973320E-01  0.2760930E-01 -0.1200000E+00
   137 -0.6973320E-01  0.2760930E-01 -0.6000000E-01
   138 -0.6973320E-01  0.2760930E-01  0.0000000E+00
   139 -0.7440860E-01  0.9400000E-02 -0.1200000E+00
   140 -0.7440860E-01  0.9400000E-02 -0.6000000E-01
   141 -0.7440860E-01  0.9400000E-02  0.0000000E+00
   142 -0.7264370E-01  0.1865170E-01 -0.1200000E+00
   143 -0.7264370E-01  0.1865170E-01 -0.6000000E-01
   144 -0.7264370E-01  0.1865170E-01  0.0000000E+00
   145 -0.7500000E-01  0.0000000E+00 -0.1200000E+00
   146 -0.7500000E-01  0.0000000E+00 -0.6000000E-01
   147 -0.7500000E-01  0.0000000E+00  0.0000000E+00
   148 -0.7440860E-01  0.9400000E-02 -0.1200000E+00
   149 -0.7440860E-01  0.9400000E-02 -0.6000000E-01
   150 -0.7440860E-01  0.9400000E-02  0.0000000E+00
   151  0.3650000E+00  0.0000000E+00 -0.1200000E+00
   152  0.3621219E+00  0.4574660E-01 -0.1200000E+00
   153  0.3070000E+00  0.0000000E+00 -0.1200000E+00
   154  0.3045793E+00  0.3847730E-01 -0.1200000E+00
   155  0.2490000E+00  0.0000000E+00 -0.1200000E+00
   156  0.2470366E+00  0.3120800E-01 -0.1200000E+00
   157  0.1910000E+00  0.0000000E+00 -0.1200000E+00
   158  0.1894939E+00  0.2393860E-01 -0.1200000E+00
   159  0.1330000E+00  0.0000000E+00 -0.1200000E+00
   160  0.1319513E+00  0.1666930E-01 -0.1200000E+00
   161  0.7500000E-01  0.0000000E+00 -0.1200000E+00
   162  0.7440860E-01  0.9400000E-02 -0.1200000E+00
   163  0.3621219E+00  0.4574660E-01 -0.1200000E+00
   164  0.3535329E+00  0.9077180E-01 -0.1200000E+00
   165  0.3045793E+00  0.3847730E-01 -0.1200000E+00
   166  0.2973551E+00  0.7634780E-01 -0.1200000E+00
   167  0.2470366E+00  0.3120800E-01 -0.1200000E+00
   168  0.2411772E+00  0.6192380E-01 -0.1200000E+00
   169  0.1894939E+00  0.2393860E-01 -0.1200000E+00
   170  0.1849994E+00  0.4749980E-01 -0.1200000E+00
   171  0.1319513E+00  0.1666930E-01 -0.1200000E+00
   172  0.1288216E+00  0.3307580E-01 -0.1200000E+00
   173  0.7440860E-01  0.9400000E-02 -0.1200000E+00
   174  0.7264380E-01  0.1865170E-01 -0.1200000E+00
   175  0.3535329E+00  0.9077180E-01 -0.1200000E+00
   176  0.3393684E+00  0.1343655E+00 -0.1200000E+00
   177  0.2973551E+00  0.7634780E-01 -0.1200000E+00
   178  0.2854414E+00  0.1130143E+00 -0.1200000E+00
   179  0.2411772E+00  0.6192380E-01 -0.1200000E+00
   180  0.2315143E+00  0.9166300E-01 -0.1200000E+00
   181  0.1849994E+00  0.4749980E-01 -0.1200000E+00
   182  0.1775873E+00  0.7031180E-01 -0.1200000E+00
   183  0.1288216E+00  0.3307580E-01 -0.1200000E+00
   184  0.1236603E+00  0.4896060E-01 -0.1200000E+00
   185  0.7264380E-01  0.1865170E-01 -0.1200000E+00
   186  0.6973320E-01  0.2760930E-01 -0.1200000E+00
   187  0.3393684E+00  0.1343655E+00 -0.1200000E+00
   188  0.3198519E+00  0.1758401E+00 -0.1200000E+00
   189  0.2854414E+00  0.1130143E+00 -0.1200000E+00
   190  0.2690261E+00  0.1478984E+00 -0.1200000E+00
   191  0.2315143E+00  0.9166300E-01 -0.1200000E+00
   192  0.2182003E+00  0.1199567E+00 -0.1200000E+00
   193  0.1775873E+00  0.7031180E-01 -0.1200000E+00
   194  0.1673746E+00  0.9201500E-01 -0.1200000E+00
   195  0.1236603E+00  0.4896060E-01 -0.1200000E+00
   196  0.1165488E+00  0.6407320E-01 -0.1200000E+00
   197  0.6973320E-01  0.2760930E-01 -0.1200000E+00
   198  0.6572300E-01  0.3613150E-01 -0.1200000E+00
   199  0.3198519E+00  0.1758401E+00 -0.1200000E+00
   200  0.2952912E+00  0.2145416E+00 -0.1200000E+00
   201  0.2690261E+00  0.1478984E+00 -0.1200000E+00
   202  0.2483682E+00  0.1804501E+00 -0.1200000E+00
   203  0.2182003E+00  0.1199567E+00 -0.1200000E+00
   204  0.2014452E+00  0.1463585E+00 -0.1200000E+00
   205  0.1673746E+00  0.9201500E-01 -0.1200000E+00
   206  0.1545222E+00  0.1122670E+00 -0.1200000E+00
   207  0.1165488E+00  0.6407320E-01 -0.1200000E+00
   208  0.1075993E+00  0.7817540E-01 -0.1200000E+00
   209  0.6572300E-01  0.3613150E-01 -0.1200000E+00
   210  0.6067630E-01  0.4408390E-01 -0.1200000E+00
   211  0.2952912E+00  0.2145416E+00 -0.1200000E+00
   212  0.2660735E+00  0.2498597E+00 -0.1200000E+00
   213  0.2483682E+00  0.1804501E+00 -0.1200000E+00
   214  0.2237933E+00  0.2101560E+00 -0.1200000E+00
   215  0.2014452E+00  0.1463585E+00 -0.1200000E+00
   216  0.1815132E+00  0.1704522E+00 -0.1200000E+00
   217  0.1545222E+00  0.1122670E+00 -0.1200000E+00
   218  0.1392330E+00  0.1307485E+00 -0.1200000E+00
   219  0.1075993E+00  0.7817540E-01 -0.1200000E+00
   220  0.9695280E-01  0.9104480E-01 -0.1200000E+00
   221  0.6067630E-01  0.4408390E-01 -0.1200000E+00
   222  0.5467270E-01  0.5134100E-01 -0.1200000E+00
   223  0.2660735E+00  0.2498597E+00 -0.1200000E+00
   224  0.2326598E+00  0.2812373E+00 -0.1200000E+00
   225  0.2237933E+00  0.2101560E+00 -0.1200000E+00
   226  0.1956892E+00  0.2365475E+00 -0.1200000E+00
   227  0.1815132E+00  0.1704522E+00 -0.1200000E+00
   228  0.1587186E+00  0.1918578E+00 -0.1200000E+00
   229  0.1392330E+00  0.1307485E+00 -0.1200000E+00
   230  0.1217480E+00  0.1471680E+00 -0.1200000E+00
   231  0.9695280E-01  0.9104480E-01 -0.1200000E+00
   232  0.8477740E-01  0.1024783E+00 -0.1200000E+00
   233  0.5467270E-01  0.5134100E-01 -0.1200000E+00
   234  0.4780680E-01  0.5778850E-01 -0.1200000E+00
   235  0.2326598E+00  0.2812373E+00 -0.1200000E+00
   236  0.1955768E+00  0.3081797E+00 -0.1200000E+00
   237  0.1956892E+00  0.2365475E+00 -0.1200000E+00
   238  0.1644989E+00  0.2592087E+00 -0.1200000E+00
   239  0.1587186E+00  0.1918578E+00 -0.1200000E+00
   240  0.1334209E+00  0.2102377E+00 -0.1200000E+00
   241  0.1217480E+00  0.1471680E+00 -0.1200000E+00
   242  0.1023429E+00  0.1612666E+00 -0.1200000E+00
   243  0.8477740E-01  0.1024783E+00 -0.1200000E+00
   244  0.7126500E-01  0.1122956E+00 -0.1200000E+00
   245  0.4780680E-01  0.5778850E-01 -0.1200000E+00
   246  0.4018700E-01  0.6332460E-01 -0.1200000E+00
   247  0.1955768E+00  0.3081797E+00 -0.1200000E+00
   248  0.1554094E+00  0.3302619E+00 -0.1200000E+00
   249  0.1644989E+00  0.2592087E+00 -0.1200000E+00
   250  0.1307142E+00  0.2777819E+00 -0.1200000E+00
   251  0.1334209E+00  0.2102377E+00 -0.1200000E+00
   252  0.1060190E+00  0.2253020E+00 -0.1200000E+00
   253  0.1023429E+00  0.1612666E+00 -0.1200000E+00
   254  0.8132380E-01  0.1728220E+00 -0.1200000E+00
   255  0.7126500E-01  0.1122956E+00 -0.1200000E+00
   256  0.5662860E-01  0.1203420E+00 -0.1200000E+00
   257  0.4018700E-01  0.6332460E-01 -0.1200000E+00
   258  0.3193340E-01  0.6786200E-01 -0.1200000E+00
   259  0.1554094E+00  0.3302619E+00 -0.1200000E+00
   260  0.1127912E+00  0.3471356E+00 -0.1200000E+00
   261  0.1307142E+00  0.2777819E+00 -0.1200000E+00
   262  0.9486820E-01  0.2919743E+00 -0.1200000E+00
   263  0.1060190E+00  0.2253020E+00 -0.1200000E+00
   264  0.7694520E-01  0.2368131E+00 -0.1200000E+00
   265  0.8132380E-01  0.1728220E+00 -0.1200000E+00
   266  0.5902220E-01  0.1816518E+00 -0.1200000E+00
   267  0.5662860E-01  0.1203420E+00 -0.1200000E+00
   268  0.4109930E-01  0.1264905E+00 -0.1200000E+00
   269  0.3193340E-01  0.6786200E-01 -0.1200000E+00
   270  0.2317630E-01  0.7132920E-01 -0.1200000E+00
   271  0.1127912E+00  0.3471356E+00 -0.1200000E+00
   272  0.6839420E-01  0.3585348E+00 -0.1200000E+00
   273  0.9486820E-01  0.2919743E+00 -0.1200000E+00
   274  0.5752610E-01  0.3015622E+00 -0.1200000E+00
   275  0.7694520E-01  0.2368131E+00 -0.1200000E+00
   276  0.4665790E-01  0.2445895E+00 -0.1200000E+00
   277  0.5902220E-01  0.1816518E+00 -0.1200000E+00
   278  0.3578980E-01  0.1876169E+00 -0.1200000E+00
   279  0.4109930E-01  0.1264905E+00 -0.1200000E+00
   280  0.2492170E-01  0.1306442E+00 -0.1200000E+00
   281  0.2317630E-01  0.7132920E-01 -0.1200000E+00
   282  0.1405360E-01  0.7367150E-01 -0.1200000E+00
   283  0.6839420E-01  0.3585348E+00 -0.1200000E+00
   284  0.2291850E-01  0.3642798E+00 -0.1200000E+00
   285  0.5752610E-01  0.3015622E+00 -0.1200000E+00
   286  0.1927670E-01  0.3063942E+00 -0.1200000E+00
   287  0.4665790E-01  0.2445895E+00 -0.1200000E+00
   288  0.1563480E-01  0.2485087E+00 -0.1200000E+00
   289  0.3578980E-01  0.1876169E+00 -0.1200000E+00
   290  0.1199300E-01  0.1906231E+00 -0.1200000E+00
   291  0.2492170E-01  0.1306442E+00 -0.1200000E+00
   292  0.8351100E-02  0.1327375E+00 -0.1200000E+00
   293  0.1405360E-01  0.7367150E-01 -0.1200000E+00
   294  0.4709300E-02  0.7485200E-01 -0.1200000E+00
   295  0.2291850E-01  0.3642798E+00 -0.1200000E+00
   296 -0.2291850E-01  0.3642798E+00 -0.1200000E+00
   297  0.1927670E-01  0.3063942E+00 -0.1200000E+00
   298 -0.1927670E-01  0.3063942E+00 -0.1200000E+00
   299  0.1563480E-01  0.2485087E+00 -0.1200000E+00
   300 -0.1563480E-01  0.2485087E+00 -0.1200000E+00
   301  0.1199300E-01  0.1906231E+00 -0.1200000E+00
   302 -0.1199300E-01  0.1906231E+00 -0.1200000E+00
   303  0.8351100E-02  0.1327375E+00 -0.1200000E+00
   304 -0.8351100E-02  0.1327375E+00 -0.1200000E+00
   305  0.4709300E-02  0.7485200E-01 -0.1200000E+00
   306 -0.4709300E-02  0.7485200E-01 -0.1200000E+00
   307 -0.2291850E-01  0.3642798E+00 -0.1200000E+00
   308 -0.6839420E-01  0.3585348E+00 -0.1200000E+00
   309 -0.1927670E-01  0.3063942E+00 -0.1200000E+00
   310 -0.5752610E-01  0.3015622E+00 -0.1200000E+00
   311 -0.1563480E-01  0.2485087E+00 -0.1200000E+00
   312 -0.4665790E-01  0.2445895E+00 -0.1200000E+00
   313 -0.1199300E-01  0.1906231E+00 -0.1200000E+00
   314 -0.3578980E-01  0.1876169E+00 -0.1200000E+00
   315 -0.8351100E-02  0.1327375E+00 -0.1200000E+00
   316 -0.2492170E-01  0.1306442E+00 -0.1200000E+00
   317 -0.4709300E-02  0.7485200E-01 -0.1200000E+00
   318 -0.1405360E-01  0.7367150E-01 -0.1200000E+00
   319 -0.6839420E-01  0.3585348E+00 -0.1200000E+00
   320 -0.1127912E+00  0.3471356E+00 -0.1200000E+00
   321 -0.5752610E-01  0.3015622E+00 -0.1200000E+00
   322 -0.9486820E-01  0.2919743E+00 -0.1200000E+00
   323 -0.4665790E-01  0.2445895E+00 -0.1200000E+00
   324 -0.7694520E-01  0.2368131E+00 -0.1200000E+00
   325 -0.3578980E-01  0.1876169E+00 -0.1200000E+00
   326 -0.5902220E-01  0.1816518E+00 -0.1200000E+00
   327 -0.2492170E-01  0.1306442E+00 -0.1200000E+00
   328 -0.4109930E-01  0.1264905E+00 -0.1200000E+00
   329 -0.1405360E-01  0.7367150E-01 -0.1200000E+00
   330 -0.2317630E-01  0.7132920E-01 -0.1200000E+00
   331 -0.1127912E+00  0.3471356E+00 -0.1200000E+00
   332 -0.1554094E+00  0.3302619E+00 -0.1200000E+00
   333 -0.9486820E-01  0.2919743E+00 -0.1200000E+00
   334 -0.1307142E+00  0.2777819E+00 -0.1200000E+00
   335 -0.7694520E-01  0.2368131E+00 -0.1200000E+00
   336 -0.1060190E+00  0.2253020E+00 -0.1200000E+00
   337 -0.5902220E-01  0.1816518E+00 -0.1200000E+00
   338 -0.8132380E-01  0.1728220E+00 -0.1200000E+00
   339 -0.4109930E-01  0.1264905E+00 -0.1200000E+00
   340 -0.5662860E-01  0.1203420E+00 -0.1200000E+00
   341 -0.2317630E-01  0.7132920E-01 -0.1200000E+00
   342 -0.3193340E-01  0.6786200E-01 -0.1200000E+00
   343 -0.1554094E+00  0.3302619E+00 -0.1200000E+00
   344 -0.1955768E+00  0.3081797E+00 -0.1200000E+00
   345 -0.1307142E+00  0.2777819E+00 -0.1200000E+00
   346 -0.1644989E+00  0.2592087E+00 -0.1200000E+00
   347 -0.1060190E+00  0.2253020E+00 -0.1200000E+00
   348 -0.1334209E+00  0.2102377E+00 -0.1200000E+00
   349 -0.8132380E-01  0.1728220E+00 -0.1200000E+00
   350 -0.1023429E+00  0.1612666E+00 -0.1200000E+00
   351 -0.5662860E-01  0.1203420E+00 -0.1200000E+00
   352 -0.7126500E-01  0.1122956E+00 -0.1200000E+00
   353 -0.3193340E-01  0.6786200E-01 -0.1200000E+00
   354 -0.4018700E-01  0.6332460E-01 -0.1200000E+00
   355 -0.1955768E+00  0.3081797E+00 -0.1200000E+00
   356 -0.2326598E+00  0.2812373E+00 -0.1200000E+00
   357 -0.1644989E+00  0.2592087E+00 -0.1200000E+00
   358 -0.1956892E+00  0.2365475E+00 -0.1200000E+00
   359 -0.1334209E+00  0.2102377E+00 -0.1200000E+00
   360 -0.1587186E+00  0.1918578E+00 -0.1200000E+00
   361 -0.1023429E+00  0.1612666E+00 -0.1200000E+00
   362 -0.1217480E+00  0.1471680E+00 -0.1200000E+00
   363 -0.7126500E-01  0.1122956E+00 -0.1200000E+00
   364 -0.8477740E-01  0.1024783E+00 -0.1200000E+00
   365 -0.4018700E-01  0.6332460E-01 -0.1200000E+00
   366 -0.4780680E-01  0.5778850E-01 -0.1200000E+00
   367 -0.2326598E+00  0.2812373E+00 -0.1200000E+00
   368 -0.2660735E+00  0.2498597E+00 -0.1200000E+00
   369 -0.1956892E+00  0.2365475E+00 -0.1200000E+00
   370 -0.2237933E+00  0.2101560E+00 -0.1200000E+00
   371 -0.1587186E+00  0.1918578E+00 -0.1200000E+00
   372 -0.1815132E+00  0.1704522E+00 -0.1200000E+00
   373 -0.1217480E+00  0.1471680E+00 -0.1200000E+00
   374 -0.1392330E+00  0.1307485E+00 -0.1200000E+00
   375 -0.8477740E-01  0.1024783E+00 -0.1200000E+00
   376 -0.9695280E-01  0.9104480E-01 -0.1200000E+00
   377 -0.4780680E-01  0.5778850E-01 -0.1200000E+00
   378 -0.5467270E-01  0.5134100E-01 -0.1200000E+00
   379 -0.2660735E+00  0.2498597E+00 -0.1200000E+00
   380 -0.2952912E+00  0.2145416E+00 -0.1200000E+00
   381 -0.2237933E+00  0.2101560E+00 -0.1200000E+00
   382 -0.2483682E+00  0.1804501E+00 -0.1200000E+00
   383 -0.1815132E+00  0.1704522E+00 -0.1200000E+00
   384 -0.2014452E+00  0.1463585E+00 -0.1200000E+00
   385 -0.1392330E+00  0.1307485E+00 -0.1200000E+00
   386 -0.1545222E+00  0.1122670E+00 -0.1200000E+00
   387 -0.9695280E-01  0.9104480E-01 -0.1200000E+00
   388 -0.1075993E+00  0.7817540E-01 -0.1200000E+00
   389 -0.5467270E-01  0.5134100E-01 -0.1200000E+00
   390 -0.6067630E-01  0.4408390E-01 -0.1200000E+00
   391 -0.2952912E+00  0.2145416E+00 -0.1200000E+00
   392 -0.3198519E+00  0.1758401E+00 -0.1200000E+00
   393 -0.2483682E+00  0.1804501E+00 -0.1200000E+00
   394 -0.2690261E+00  0.1478984E+00 -0.1200000E+00
   395 -0.2014452E+00  0.1463585E+00 -0.1200000E+00
   396 -0.2182003E+00  0.1199567E+00 -0.1200000E+00
   397 -0.1545222E+00  0.1122670E+00 -0.1200000E+00
   398 -0.1673746E+00  0.9201500E-01 -0.1200000E+00
   399 -0.1075993E+00  0.7817540E-01 -0.1200000E+00
   400 -0.1165488E+00  0.6407320E-01 -0.1200000E+00
   401 -0.6067630E-01  0.4408390E-01 -0.1200000E+00
   402 -0.6572300E-01  0.3613150E-01 -0.1200000E+00
   403 -0.3198519E+00  0.1758401E+00 -0.1200000E+00
   404 -0.3393684E+00  0.1343655E+00 -0.1200000E+00
   405 -0.2690261E+00  0.1478984E+00 -0.1200000E+00
   406 -0.2854414E+00  0.1130143E+00 -0.1200000E+00
   407 -0.2182003E+00  0.1199567E+00 -0.1200000E+00
   408 -0.2315143E+00  0.9166300E-01 -0.1200000E+00
   409 -0.1673746E+00  0.9201500E-01 -0.1200000E+00
   410 -0.1775873E+00  0.7031180E-01 -0.1200000E+00
   411 -0.1165488E+00  0.6407320E-01 -0.1200000E+00
   412 -0.1236603E+00  0.4896060E-01 -0.1200000E+00
   413 -0.6572300E-01  0.3613150E-01 -0.1200000E+00
   414 -0.6973320E-01  0.2760930E-01 -0.1200000E+00
   415 -0.3393684E+00  0.1343655E+00 -0.1200000E+00
   416 -0.3535329E+00  0.9077180E-01 -0.1200000E+00
   417 -0.2854414E+00  0.1130143E+00 -0.1200000E+00
   418 -0.2973551E+00  0.7634780E-01 -0.1200000E+00
   419 -0.2315143E+00  0.9166300E-01 -0.1200000E+00
   420 -0.2411772E+00  0.6192380E-01 -0.1200000E+00
   421 -0.1775873E+00  0.7031180E-01 -0.1200000E+00
   422 -0.1849994E+00  0.4749980E-01 -0.1200000E+00
   423 -0.1236603E+00  0.4896060E-01 -0.1200000E+00
   424 -0.1288216E+00  0.3307580E-01 -0.1200000E+00
   425 -0.6973320E-01  0.2760930E-01 -0.1200000E+00
   426 -0.7264380E-01  0.1865170E-01 -0.1200000E+00
   427 -0.3535329E+00  0.9077180E-01 -0.1200000E+00
   428 -0.3621219E+00  0.4574660E-01 -0.1200000E+00
   429 -0.2973551E+00  0.7634780E-01 -0.1200000E+00
   430 -0.3045793E+00  0.3847730E-01 -0.1200000E+00
   431 -0.2411772E+00  0.6192380E-01 -0.1200000E+00
   432 -0.2470366E+00  0.3120800E-01 -0.1200000E+00
   433 -0.1849994E+00  0.4749980E-01 -0.1200000E+00
   434 -0.1894939E+00  0.2393860E-01 -0.1200000E+00
   435 -0.1288216E+00  0.3307580E-01 -0.1200000E+00
   436 -0.1319513E+00  0.1666930E-01 -0.1200000E+00
   437 -0.7264380E-01  0.1865170E-01 -0.1200000E+00
   438 -0.7440860E-01  0.9400000E-02 -0.1200000E+00
   439 -0.3621219E+00  0.4574660E-01 -0.1200000E+00
   440 -0.3650000E+00  0.0000000E+00 -0.1200000E+00
   441 -0.3045793E+00  0.3847730E-01 -0.1200000E+00
   442 -0.3070000E+00  0.0000000E+00 -0.1200000E+00
   443 -0.2470366E+00  0.3120800E-01 -0.1200000E+00
   444 -0.2490000E+00  0.0000000E+00 -0.1200000E+00
   445 -0.1894939E+00  0.2393860E-01 -0.1200000E+00
   446 -0.1910000E+00  0.0000000E+00 -0.1200000E+00
   447 -0.1319513E+00  0.1666930E-01 -0.1200000E+00
   448 -0.1330000E+00  0.0000000E+00 -0.1200000E+00
   449 -0.7440860E-01  0.9400000E-02 -0.1200000E+00
   450 -0.7500000E-01  0.0000000E+00 -0.1200000E+00
   451  0.3621219E+00  0.4574660E-01 -0.1210000E+00
   452  0.3621219E+00  0.4574660E-01 -0.1200000E+00
   453  0.3650000E+00  0.0000000E+00 -0.1210000E+00
   454  0.3650000E+00  0.0000000E+00 -0.1200000E+00
   455  0.3535329E+00  0.9077180E-01 -0.1210000E+00
   456  0.3535329E+00  0.9077180E-01 -0.1200000E+00
   457  0.3621219E+00  0.4574660E-01 -0.1210000E+00
   458  0.3621219E+00  0.4574660E-01 -0.1200000E+00
   459  0.3393684E+00  0.1343655E+00 -0.1210000E+00
   460  0.3393684E+00  0.1343655E+00 -0.1200000E+00
   461  0.3535329E+00  0.9077180E-01 -0.1210000E+00
   462  0.3535329E+00  0.9077180E-01 -0.1200000E+00
   463  0.3198519E+00  0.1758401E+00 -0.1210000E+00
   464  0.3198519E+00  0.1758401E+00 -0.1200000E+00
   465  0.3393684E+00  0.1343655E+00 -0.1210000E+00
   466  0.3393684E+00  0.1343655E+00 -0.1200000E+00
   467  0.2952912E+00  0.2145416E+00 -0.1210000E+00
   468  0.2952912E+00  0.2145416E+00 -0.1200000E+00
   469  0.3198519E+00  0.1758401E+00 -0.1210000E+00
   470  0.3198519E+00  0.1758401E+00 -0.1200000E+00
   471  0.2660735E+00  0.2498597E+00 -0.1210000E+00
   472  0.2660735E+00  0.2498597E+00 -0.1200000E+00
   473  0.2952912E+00  0.2145416E+00 -0.1210000E+00
   474  0.2952912E+00  0.2145416E+00 -0.1200000E+00
   475  0.2326598E+00  0.2812373E+00 -0.1210000E+00
   476  0.2326598E+00  0.2812373E+00 -0.1200000E+00
   477  0.2660735E+00  0.2498597E+00 -0.1210000E+00
   478  0.2660735E+00  0.2498597E+00 -0.1200000E+00
   479  0.1955768E+00  0.3081797E+00 -0.1210000E+00
   480  0.1955768E+00  0.3081797E+00 -0.1200000E+00
   481  0.2326598E+00  0.2812373E+00 -0.1210000E+00
   482  0.2326598E+00  0.2812373E+00 -0.1200000E+00
   483  0.1554094E+00  0.3302619E+00 -0.1210000E+00
   484  0.1554094E+00  0.3302619E+00 -0.1200000E+00
   485  0.1955768E+00  0.3081797E+00 -0.1210000E+00
   486  0.1955768E+00  0.3081797E+00 -0.1200000E+00
   487  0.1127912E+00  0.3471356E+00 -0.1210000E+00
   488  0.1127912E+00  0.3471356E+00 -0.1200000E+00
   489  0.1554094E+00  0.3302619E+00 -0.1210000E+00
   490  0.1554094E+00  0.3302619E+00 -0.1200000E+00
   491  0.6839420E-01  0.3585348E+00 -0.1210000E+00
   492  0.6839420E-01  0.3585348E+00 -0.1200000E+00
   493  0.1127912E+00  0.3471356E+00 -0.1210000E+00
   494  0.1127912E+00  0.3471356E+00 -0.1200000E+00
   495  0.2291850E-01  0.3642798E+00 -0.1210000E+00
   496  0.2291850E-01  0.3642798E+00 -0.1200000E+00
   497  0.6839420E-01  0.3585348E+00 -0.1210000E+00
   498  0.6839420E-01  0.3585348E+00 -0.1200000E+00
   499 -0.2291850E-01  0.3642798E+00 -0.1210000E+00
   500 -0.2291850E-01  0.3642798E+00 -0.1200000E+00
   501  0.2291850E-01  0.3642798E+00 -0.1210000E+00
   502  0.2291850E-01  0.3642798E+00 -0.1200000E+00
   503 -0.6839420E-01  0.3585348E+00 -0.1210000E+00
   504 -0.6839420E-01  0.3585348E+00 -0.1200000E+00
   505 -0.2291850E-01  0.3642798E+00 -0.1210000E+00
   506 -0.2291850E-01  0.3642798E+00 -0.1200000E+00
   507 -0.1127912E+00  0.3471356E+00 -0.1210000E+00
   508 -0.1127912E+00  0.3471356E+00 -0.1200000E+00
   509 -0.6839420E-01  0.3585348E+00 -0.1210000E+00
   510 -0.6839420E-01  0.3585348E+00 -0.1200000E+00
   511 -0.1554094E+00  0.3302619E+00 -0.1210000E+00
   512 -0.1554094E+00  0.3302619E+00 -0.1200000E+00
   513 -0.1127912E+00  0.3471356E+00 -0.1210000E+00
   514 -0.1127912E+00  0.3471356E+00 -0.1200000E+00
   515 -0.1955768E+00  0.3081797E+00 -0.1210000E+00
   516 -0.1955768E+00  0.3081797E+00 -0.1200000E+00
   517 -0.1554094E+00  0.3302619E+00 -0.1210000E+00
   518 -0.1554094E+00  0.3302619E+00 -0.1200000E+00
   519 -0.2326598E+00  0.2812373E+00 -0.1210000E+00
   520 -0.2326598E+00  0.2812373E+00 -0.1200000E+00
   521 -0.1955768E+00  0.3081797E+00 -0.1210000E+00
   522 -0.1955768E+00  0.3081797E+00 -0.1200000E+00
   523 -0.2660735E+00  0.2498597E+00 -0.1210000E+00
   524 -0.2660735E+00  0.2498597E+00 -0.1200000E+00
   525 -0.2326598E+00  0.2812373E+00 -0.1210000E+00
   526 -0.2326598E+00  0.2812373E+00 -0.1200000E+00
   527 -0.2952912E+00  0.2145416E+00 -0.1210000E+00
   528 -0.2952912E+00  0.2145416E+00 -0.1200000E+00
   529 -0.2660735E+00  0.2498597E+00 -0.1210000E+00
   530 -0.2660735E+00  0.2498597E+00 -0.1200000E+00
   531 -0.3198519E+00  0.1758401E+00 -0.1210000E+00
   532 -0.3198519E+00  0.1758401E+00 -0.1200000E+00
   533 -0.2952912E+00  0.2145416E+00 -0.1210000E+00
   534 -0.2952912E+00  0.2145416E+00 -0.1200000E+00
   535 -0.3393684E+00  0.1343655E+00 -0.1210000E+00
   536 -0.3393684E+00  0.1343655E+00 -0.1200000E+00
   537 -0.3198519E+00  0.1758401E+00 -0.1210000E+00
   538 -0.3198519E+00  0.1758401E+00 -0.1200000E+00
   539 -0.3535329E+00  0.9077180E-01 -0.1210000E+00
   540 -0.3535329E+00  0.9077180E-01 -0.1200000E+00
   541 -0.3393684E+00  0.1343655E+00 -0.1210000E+00
   542 -0.3393684E+00  0.1343655E+00 -0.1200000E+00
   543 -0.3621219E+00  0.4574660E-01 -0.1210000E+00
   544 -0.3621219E+00  0.4574660E-01 -0.1200000E+00
   545 -0.3535329E+00  0.9077180E-01 -0.1210000E+00
   546 -0.3535329E+00  0.9077180E-01 -0.1200000E+00
   547 -0.3650000E+00  0.0000000E+00 -0.1210000E+00
   548 -0.3650000E+00  0.0000000E+00 -0.1200000E+00
   549 -0.3621219E+00  0.4574660E-01 -0.1210000E+00
   550 -0.3621219E+00  0.4574660E-01 -0.1200000E+00
   551  0.0000000E+00  0.0000000E+00 -0.1210000E+00
   552  0.0000000E+00  0.0000000E+00 -0.1210000E+00
   553  0.6083330E-01  0.0000000E+00 -0.1210000E+00
   554  0.6035370E-01  0.7624400E-02 -0.1210000E+00
   555  0.1216667E+00  0.0000000E+00 -0.1210000E+00
   556  0.1207073E+00  0.1524890E-01 -0.1210000E+00
   557  0.1825000E+00  0.0000000E+00 -0.1210000E+00
   558  0.1810610E+00  0.2287330E-01 -0.1210000E+00
   559  0.2433333E+00  0.0000000E+00 -0.1210000E+00
   560  0.2414146E+00  0.3049780E-01 -0.1210000E+00
   561  0.3041667E+00  0.0000000E+00 -0.1210000E+00
   562  0.3017683E+00  0.3812220E-01 -0.1210000E+00
   563  0.3650000E+00  0.0000000E+00 -0.1210000E+00
   564  0.3621219E+00  0.4574660E-01 -0.1210000E+00
   565  0.0000000E+00  0.0000000E+00 -0.1210000E+00
   566  0.0000000E+00  0.0000000E+00 -0.1210000E+00
   567  0.6035370E-01  0.7624400E-02 -0.1210000E+00
   568  0.5892220E-01  0.1512860E-01 -0.1210000E+00
   569  0.1207073E+00  0.1524890E-01 -0.1210000E+00
   570  0.1178443E+00  0.3025730E-01 -0.1210000E+00
   571  0.1810610E+00  0.2287330E-01 -0.1210000E+00
   572  0.1767665E+00  0.4538590E-01 -0.1210000E+00
   573  0.2414146E+00  0.3049780E-01 -0.1210000E+00
   574  0.2356886E+00  0.6051450E-01 -0.1210000E+00
   575  0.3017683E+00  0.3812220E-01 -0.1210000E+00
   576  0.2946108E+00  0.7564320E-01 -0.1210000E+00
   577  0.3621219E+00  0.4574660E-01 -0.1210000E+00
   578  0.3535329E+00  0.9077180E-01 -0.1210000E+00
   579  0.0000000E+00  0.0000000E+00 -0.1210000E+00
   580  0.0000000E+00  0.0000000E+00 -0.1210000E+00
   581  0.5892220E-01  0.1512860E-01 -0.1210000E+00
   582  0.5656140E-01  0.2239420E-01 -0.1210000E+00
   583  0.1178443E+00  0.3025730E-01 -0.1210000E+00
   584  0.1131228E+00  0.4478850E-01 -0.1210000E+00
   585  0.1767665E+00  0.4538590E-01 -0.1210000E+00
   586  0.1696842E+00  0.6718270E-01 -0.1210000E+00
   587  0.2356886E+00  0.6051450E-01 -0.1210000E+00
   588  0.2262456E+00  0.8957700E-01 -0.1210000E+00
   589  0.2946108E+00  0.7564320E-01 -0.1210000E+00
   590  0.2828070E+00  0.1119713E+00 -0.1210000E+00
   591  0.3535329E+00  0.9077180E-01 -0.1210000E+00
   592  0.3393684E+00  0.1343655E+00 -0.1210000E+00
   593  0.0000000E+00  0.0000000E+00 -0.1210000E+00
   594  0.0000000E+00  0.0000000E+00 -0.1210000E+00
   595  0.5656140E-01  0.2239420E-01 -0.1210000E+00
   596  0.5330870E-01  0.2930670E-01 -0.1210000E+00
   597  0.1131228E+00  0.4478850E-01 -0.1210000E+00
   598  0.1066173E+00  0.5861340E-01 -0.1210000E+00
   599  0.1696842E+00  0.6718270E-01 -0.1210000E+00
   600  0.1599260E+00  0.8792000E-01 -0.1210000E+00
   601  0.2262456E+00  0.8957700E-01 -0.1210000E+00
   602  0.2132346E+00  0.1172267E+00 -0.1210000E+00
   603  0.2828070E+00  0.1119713E+00 -0.1210000E+00
   604  0.2665432E+00  0.1465334E+00 -0.1210000E+00
   605  0.3393684E+00  0.1343655E+00 -0.1210000E+00
   606  0.3198519E+00  0.1758401E+00 -0.1210000E+00
   607  0.0000000E+00  0.0000000E+00 -0.1210000E+00
   608  0.0000000E+00  0.0000000E+00 -0.1210000E+00
   609  0.5330870E-01  0.2930670E-01 -0.1210000E+00
   610  0.4921520E-01  0.3575690E-01 -0.1210000E+00
   611  0.1066173E+00  0.5861340E-01 -0.1210000E+00
   612  0.9843040E-01  0.7151390E-01 -0.1210000E+00
   613  0.1599260E+00  0.8792000E-01 -0.1210000E+00
   614  0.1476456E+00  0.1072708E+00 -0.1210000E+00
   615  0.2132346E+00  0.1172267E+00 -0.1210000E+00
   616  0.1968608E+00  0.1430277E+00 -0.1210000E+00
   617  0.2665432E+00  0.1465334E+00 -0.1210000E+00
   618  0.2460760E+00  0.1787847E+00 -0.1210000E+00
   619  0.3198519E+00  0.1758401E+00 -0.1210000E+00
   620  0.2952912E+00  0.2145416E+00 -0.1210000E+00
   621  0.0000000E+00  0.0000000E+00 -0.1210000E+00
   622  0.0000000E+00  0.0000000E+00 -0.1210000E+00
   623  0.4921520E-01  0.3575690E-01 -0.1210000E+00
   624  0.4434560E-01  0.4164330E-01 -0.1210000E+00
   625  0.9843040E-01  0.7151390E-01 -0.1210000E+00
   626  0.8869120E-01  0.8328660E-01 -0.1210000E+00
   627  0.1476456E+00  0.1072708E+00 -0.1210000E+00
   628  0.1330367E+00  0.1249299E+00 -0.1210000E+00
   629  0.1968608E+00  0.1430277E+00 -0.1210000E+00
   630  0.1773823E+00  0.1665731E+00 -0.1210000E+00
   631  0.2460760E+00  0.1787847E+00 -0.1210000E+00
   632  0.2217279E+00  0.2082164E+00 -0.1210000E+00
   633  0.2952912E+00  0.2145416E+00 -0.1210000E+00
   634  0.2660735E+00  0.2498597E+00 -0.1210000E+00
   635  0.0000000E+00  0.0000000E+00 -0.1210000E+00
   636  0.0000000E+00  0.0000000E+00 -0.1210000E+00
   637  0.4434560E-01  0.4164330E-01 -0.1210000E+00
   638  0.3877660E-01  0.4687290E-01 -0.1210000E+00
   639  0.8869120E-01  0.8328660E-01 -0.1210000E+00
   640  0.7755330E-01  0.9374580E-01 -0.1210000E+00
   641  0.1330367E+00  0.1249299E+00 -0.1210000E+00
   642  0.1163299E+00  0.1406187E+00 -0.1210000E+00
   643  0.1773823E+00  0.1665731E+00 -0.1210000E+00
   644  0.1551065E+00  0.1874915E+00 -0.1210000E+00
   645  0.2217279E+00  0.2082164E+00 -0.1210000E+00
   646  0.1938832E+00  0.2343644E+00 -0.1210000E+00
   647  0.2660735E+00  0.2498597E+00 -0.1210000E+00
   648  0.2326598E+00  0.2812373E+00 -0.1210000E+00
   649  0.0000000E+00  0.0000000E+00 -0.1210000E+00
   650  0.0000000E+00  0.0000000E+00 -0.1210000E+00
   651  0.3877660E-01  0.4687290E-01 -0.1210000E+00
   652  0.3259610E-01  0.5136330E-01 -0.1210000E+00
   653  0.7755330E-01  0.9374580E-01 -0.1210000E+00
   654  0.6519230E-01  0.1027266E+00 -0.1210000E+00
   655  0.1163299E+00  0.1406187E+00 -0.1210000E+00
   656  0.9778840E-01  0.1540899E+00 -0.1210000E+00
   657  0.1551065E+00  0.1874915E+00 -0.1210000E+00
   658  0.1303845E+00  0.2054531E+00 -0.1210000E+00
   659  0.1938832E+00  0.2343644E+00 -0.1210000E+00
   660  0.1629807E+00  0.2568164E+00 -0.1210000E+00
   661  0.2326598E+00  0.2812373E+00 -0.1210000E+00
   662  0.1955768E+00  0.3081797E+00 -0.1210000E+00
   663  0.0000000E+00  0.0000000E+00 -0.1210000E+00
   664  0.0000000E+00  0.0000000E+00 -0.1210000E+00
   665  0.3259610E-01  0.5136330E-01 -0.1210000E+00
   666  0.2590160E-01  0.5504360E-01 -0.1210000E+00
   667  0.6519230E-01  0.1027266E+00 -0.1210000E+00
   668  0.5180310E-01  0.1100873E+00 -0.1210000E+00
   669  0.9778840E-01  0.1540899E+00 -0.1210000E+00
   670  0.7770470E-01  0.1651309E+00 -0.1210000E+00
   671  0.1303845E+00  0.2054531E+00 -0.1210000E+00
   672  0.1036063E+00  0.2201746E+00 -0.1210000E+00
   673  0.1629807E+00  0.2568164E+00 -0.1210000E+00
   674  0.1295078E+00  0.2752182E+00 -0.1210000E+00
   675  0.1955768E+00  0.3081797E+00 -0.1210000E+00
   676  0.1554094E+00  0.3302619E+00 -0.1210000E+00
   677  0.0000000E+00  0.0000000E+00 -0.1210000E+00
   678  0.0000000E+00  0.0000000E+00 -0.1210000E+00
   679  0.2590160E-01  0.5504360E-01 -0.1210000E+00
   680  0.1879850E-01  0.5785590E-01 -0.1210000E+00
   681  0.5180310E-01  0.1100873E+00 -0.1210000E+00
   682  0.3759710E-01  0.1157119E+00 -0.1210000E+00
   683  0.7770470E-01  0.1651309E+00 -0.1210000E+00
   684  0.5639560E-01  0.1735678E+00 -0.1210000E+00
   685  0.1036063E+00  0.2201746E+00 -0.1210000E+00
   686  0.7519410E-01  0.2314237E+00 -0.1210000E+00
   687  0.1295078E+00  0.2752182E+00 -0.1210000E+00
   688  0.9399270E-01  0.2892797E+00 -0.1210000E+00
   689  0.1554094E+00  0.3302619E+00 -0.1210000E+00
   690  0.1127912E+00  0.3471356E+00 -0.1210000E+00
   691  0.0000000E+00  0.0000000E+00 -0.1210000E+00
   692  0.0000000E+00  0.0000000E+00 -0.1210000E+00
   693  0.1879850E-01  0.5785590E-01 -0.1210000E+00
   694  0.1139900E-01  0.5975580E-01 -0.1210000E+00
   695  0.3759710E-01  0.1157119E+00 -0.1210000E+00
   696  0.2279810E-01  0.1195116E+00 -0.1210000E+00
   697  0.5639560E-01  0.1735678E+00 -0.1210000E+00
   698  0.3419710E-01  0.1792674E+00 -0.1210000E+00
   699  0.7519410E-01  0.2314237E+00 -0.1210000E+00
   700  0.4559610E-01  0.2390232E+00 -0.1210000E+00
   701  0.9399270E-01  0.2892797E+00 -0.1210000E+00
   702  0.5699510E-01  0.2987790E+00 -0.1210000E+00
   703  0.1127912E+00  0.3471356E+00 -0.1210000E+00
   704  0.6839420E-01  0.3585348E+00 -0.1210000E+00
   705  0.0000000E+00  0.0000000E+00 -0.1210000E+00
   706  0.0000000E+00  0.0000000E+00 -0.1210000E+00
   707  0.1139900E-01  0.5975580E-01 -0.1210000E+00
   708  0.3819800E-02  0.6071330E-01 -0.1210000E+00
   709  0.2279810E-01  0.1195116E+00 -0.1210000E+00
   710  0.7639500E-02  0.1214266E+00 -0.1210000E+00
   711  0.3419710E-01  0.1792674E+00 -0.1210000E+00
   712  0.1145930E-01  0.1821399E+00 -0.1210000E+00
   713  0.4559610E-01  0.2390232E+00 -0.1210000E+00
   714  0.1527900E-01  0.2428532E+00 -0.1210000E+00
   715  0.5699510E-01  0.2987790E+00 -0.1210000E+00
   716  0.1909880E-01  0.3035665E+00 -0.1210000E+00
   717  0.6839420E-01  0.3585348E+00 -0.1210000E+00
   718  0.2291850E-01  0.3642798E+00 -0.1210000E+00
   719  0.0000000E+00  0.0000000E+00 -0.1210000E+00
   720  0.0000000E+00  0.0000000E+00 -0.1210000E+00
   721  0.3819800E-02  0.6071330E-01 -0.1210000E+00
   722 -0.3819800E-02  0.6071330E-01 -0.1210000E+00
   723  0.7639500E-02  0.1214266E+00 -0.1210000E+00
   724 -0.7639500E-02  0.1214266E+00 -0.1210000E+00
   725  0.1145930E-01  0.1821399E+00 -0.1210000E+00
   726 -0.1145930E-01  0.1821399E+00 -0.1210000E+00
   727  0.1527900E-01  0.2428532E+00 -0.1210000E+00
   728 -0.1527900E-01  0.2428532E+00 -0.1210000E+00
   729  0.1909880E-01  0.3035665E+00 -0.1210000E+00
   730 -0.1909880E-01  0.3035665E+00 -0.1210000E+00
   731  0.2291850E-01  0.3642798E+00 -0.1210000E+00
   732 -0.2291850E-01  0.3642798E+00 -0.1210000E+00
   733  0.0000000E+00  0.0000000E+00 -0.1210000E+00
   734  0.0000000E+00  0.0000000E+00 -0.1210000E+00
   735 -0.3819800E-02  0.6071330E-01 -0.1210000E+00
   736 -0.1139900E-01  0.5975580E-01 -0.1210000E+00
   737 -0.7639500E-02  0.1214266E+00 -0.1210000E+00
   738 -0.2279810E-01  0.1195116E+00 -0.1210000E+00
   739 -0.1145930E-01  0.1821399E+00 -0.1210000E+00
   740 -0.3419710E-01  0.1792674E+00 -0.1210000E+00
   741 -0.1527900E-01  0.2428532E+00 -0.1210000E+00
   742 -0.4559610E-01  0.2390232E+00 -0.1210000E+00
   743 -0.1909880E-01  0.3035665E+00 -0.1210000E+00
   744 -0.5699510E-01  0.2987790E+00 -0.1210000E+00
   745 -0.2291850E-01  0.3642798E+00 -0.1210000E+00
   746 -0.6839420E-01  0.3585348E+00 -0.1210000E+00
   747  0.0000000E+00  0.0000000E+00 -0.1210000E+00
   748  0.0000000E+00  0.0000000E+00 -0.1210000E+00
   749 -0.1139900E-01  0.5975580E-01 -0.1210000E+00
   750 -0.1879850E-01  0.5785590E-01 -0.1210000E+00
   751 -0.2279810E-01  0.1195116E+00 -0.1210000E+00
   752 -0.3759710E-01  0.1157119E+00 -0.1210000E+00
   753 -0.3419710E-01  0.1792674E+00 -0.1210000E+00
   754 -0.5639560E-01  0.1735678E+00 -0.1210000E+00
   755 -0.4559610E-01  0.2390232E+00 -0.1210000E+00
   756 -0.7519410E-01  0.2314237E+00 -0.1210000E+00
   757 -0.5699510E-01  0.2987790E+00 -0.1210000E+00
   758 -0.9399270E-01  0.2892797E+00 -0.1210000E+00
   759 -0.6839420E-01  0.3585348E+00 -0.1210000E+00
   760 -0.1127912E+00  0.3471356E+00 -0.1210000E+00
   761  0.0000000E+00  0.0000000E+00 -0.1210000E+00
   762  0.0000000E+00  0.0000000E+00 -0.1210000E+00
   763 -0.1879850E-01  0.5785590E-01 -0.1210000E+00
   764 -0.2590160E-01  0.5504360E-01 -0.1210000E+00
   765 -0.3759710E-01  0.1157119E+00 -0.1210000E+00
   766 -0.5180310E-01  0.1100873E+00 -0.1210000E+00
   767 -0.5639560E-01  0.1735678E+00 -0.1210000E+00
   768 -0.7770470E-01  0.1651309E+00 -0.1210000E+00
   769 -0.7519410E-01  0.2314237E+00 -0.1210000E+00
   770 -0.1036063E+00  0.2201746E+00 -0.1210000E+00
   771 -0.9399270E-01  0.2892797E+00 -0.1210000E+00
   772 -0.1295078E+00  0.2752182E+00 -0.1210000E+00
   773 -0.1127912E+00  0.3471356E+00 -0.1210000E+00
   774 -0.1554094E+00  0.3302619E+00 -0.1210000E+00
   775  0.0000000E+00  0.0000000E+00 -0.1210000E+00
   776  0.0000000E+00  0.0000000E+00 -0.1210000E+00
   777 -0.2590160E-01  0.5504360E-01 -0.1210000E+00
   778 -0.3259610E-01  0.5136330E-01 -0.1210000E+00
   779 -0.5180310E-01  0.1100873E+00 -0.1210000E+00
   780 -0.6519230E-01  0.1027266E+00 -0.1210000E+00
   781 -0.7770470E-01  0.1651309E+00 -0.1210000E+00
   782 -0.9778840E-01  0.1540899E+00 -0.1210000E+00
   783 -0.1036063E+00  0.2201746E+00 -0.1210000E+00
   784 -0.1303845E+00  0.2054531E+00 -0.1210000E+00
   785 -0.1295078E+00  0.2752182E+00 -0.1210000E+00
   786 -0.1629807E+00  0.2568164E+00 -0.1210000E+00
   787 -0.1554094E+00  0.3302619E+00 -0.1210000E+00
   788 -0.1955768E+00  0.3081797E+00 -0.1210000E+00
   789  0.0000000E+00  0.0000000E+00 -0.1210000E+00
   790  0.0000000E+00  0.0000000E+00 -0.1210000E+00
   791 -0.3259610E-01  0.5136330E-01 -0.1210000E+00
   792 -0.3877660E-01  0.4687290E-01 -0.1210000E+00
   793 -0.6519230E-01  0.1027266E+00 -0.1210000E+00
   794 -0.7755330E-01  0.9374580E-01 -0.1210000E+00
   795 -0.9778840E-01  0.1540899E+00 -0.1210000E+00
   796 -0.1163299E+00  0.1406187E+00 -0.1210000E+00
   797 -0.1303845E+00  0.2054531E+00 -0.1210000E+00
   798 -0.1551065E+00  0.1874915E+00 -0.1210000E+00
   799 -0.1629807E+00  0.2568164E+00 -0.1210000E+00
   800 -0.1938832E+00  0.2343644E+00 -0.1210000E+00
   801 -0.1955768E+00  0.3081797E+00 -0.1210000E+00
   802 -0.2326598E+00  0.2812373E+00 -0.1210000E+00
   803  0.0000000E+00  0.0000000E+00 -0.1210000E+00
   804  0.0000000E+00  0.0000000E+00 -0.1210000E+00
   805 -0.3877660E-01  0.4687290E-01 -0.1210000E+00
   806 -0.4434560E-01  0.4164330E-01 -0.1210000E+00
   807 -0.7755330E-01  0.9374580E-01 -0.1210000E+00
   808 -0.8869120E-01  0.8328660E-01 -0.1210000E+00
   809 -0.1163299E+00  0.1406187E+00 -0.1210000E+00
   810 -0.1330367E+00  0.1249299E+00 -0.1210000E+00
   811 -0.1551065E+00  0.1874915E+00 -0.1210000E+00
   812 -0.1773823E+00  0.1665731E+00 -0.1210000E+00
   813 -0.1938832E+00  0.2343644E+00 -0.1210000E+00
   814 -0.2217279E+00  0.2082164E+00 -0.1210000E+00
   815 -0.2326598E+00  0.2812373E+00 -0.1210000E+00
   816 -0.2660735E+00  0.2498597E+00 -0.1210000E+00
   817  0.0000000E+00  0.0000000E+00 -0.1210000E+00
   818  0.0000000E+00  0.0000000E+00 -0.1210000E+00
   819 -0.4434560E-01  0.4164330E-01 -0.1210000E+00
   820 -0.4921520E-01  0.3575690E-01 -0.1210000E+00
   821 -0.8869120E-01  0.8328660E-01 -0.1210000E+00
   822 -0.9843040E-01  0.7151390E-01 -0.1210000E+00
   823 -0.1330367E+00  0.1249299E+00 -0.1210000E+00
   824 -0.1476456E+00  0.1072708E+00 -0.1210000E+00
   825 -0.1773823E+00  0.1665731E+00 -0.1210000E+00
   826 -0.1968608E+00  0.1430277E+00 -0.1210000E+00
   827 -0.2217279E+00  0.2082164E+00 -0.1210000E+00
   828 -0.2460760E+00  0.1787847E+00 -0.1210000E+00
   829 -0.2660735E+00  0.2498597E+00 -0.1210000E+00
   830 -0.2952912E+00  0.2145416E+00 -0.1210000E+00
   831  0.0000000E+00  0.0000000E+00 -0.1210000E+00
   832  0.0000000E+00  0.0000000E+00 -0.1210000E+00
   833 -0.4921520E-01  0.3575690E-01 -0.1210000E+00
   834 -0.5330870E-01  0.2930670E-01 -0.1210000E+00
   835 -0.9843040E-01  0.7151390E-01 -0.1210000E+00
   836 -0.1066173E+00  0.5861340E-01 -0.1210000E+00
   837 -0.1476456E+00  0.1072708E+00 -0.1210000E+00
   838 -0.1599260E+00  0.8792000E-01 -0.1210000E+00
   839 -0.1968608E+00  0.1430277E+00 -0.1210000E+00
   840 -0.2132346E+00  0.1172267E+00 -0.1210000E+00
   841 -0.2460760E+00  0.1787847E+00 -0.1210000E+00
   842 -0.2665432E+00  0.1465334E+00 -0.1210000E+00
   843 -0.2952912E+00  0.2145416E+00 -0.1210000E+00
   844 -0.3198519E+00  0.1758401E+00 -0.1210000E+00
   845  0.0000000E+00  0.0000000E+00 -0.1210000E+00
   846  0.0000000E+00  0.0000000E+00 -0.1210000E+00
   847 -0.5330870E-01  0.2930670E-01 -0.1210000E+00
   848 -0.5656140E-01  0.2239420E-01 -0.1210000E+00
   849 -0.1066173E+00  0.5861340E-01 -0.1210000E+00
   850 -0.1131228E+00  0.4478850E-01 -0.1210000E+00
   851 -0.1599260E+00  0.8792000E-01 -0.1210000E+00
   852 -0.1696842E+00  0.6718270E-01 -0.1210000E+00
   853 -0.2132346E+00  0.1172267E+00 -0.1210000E+00
   854 -0.2262456E+00  0.8957700E-01 -0.1210000E+00
   855 -0.2665432E+00  0.1465334E+00 -0.1210000E+00
   856 -0.2828070E+00  0.1119713E+00 -0.1210000E+00
   857 -0.3198519E+00  0.1758401E+00 -0.1210000E+00
   858 -0.3393684E+00  0.1343655E+00 -0.1210000E+00
   859  0.0000000E+00  0.0000000E+00 -0.1210000E+00
   860  0.0000000E+00  0.0000000E+00 -0.1210000E+00
   861 -0.5656140E-01  0.2239420E-01 -0.1210000E+00
   862 -0.5892220E-01  0.1512860E-01 -0.1210000E+00
   863 -0.1131228E+00  0.4478850E-01 -0.1210000E+00
   864 -0.1178443E+00  0.3025730E-01 -0.1210000E+00
   865 -0.1696842E+00  0.6718270E-01 -0.1210000E+00
   866 -0.1767665E+00  0.4538590E-01 -0.1210000E+00
   867 -0.2262456E+00  0.8957700E-01 -0.1210000E+00
   868 -0.2356886E+00  0.6051450E-01 -0.1210000E+00
   869 -0.2828070E+00  0.1119713E+00 -0.1210000E+00
   870 -0.2946108E+00  0.7564320E-01 -0.1210000E+00
   871 -0.3393684E+00  0.1343655E+00 -0.1210000E+00
   872 -0.3535329E+00  0.9077180E-01 -0.1210000E+00
   873  0.0000000E+00  0.0000000E+00 -0.1210000E+00
   874  0.0000000E+00  0.0000000E+00 -0.1210000E+00
   875 -0.5892220E-01  0.1512860E-01 -0.1210000E+00
   876 -0.6035370E-01  0.7624400E-02 -0.1210000E+00
   877 -0.1178443E+00  0.3025730E-01 -0.1210000E+00
   878 -0.1207073E+00  0.1524890E-01 -0.1210000E+00
   879 -0.1767665E+00  0.4538590E-01 -0.1210000E+00
   880 -0.1810610E+00  0.2287330E-01 -0.1210000E+00
   881 -0.2356886E+00  0.6051450E-01 -0.1210000E+00
   882 -0.2414146E+00  0.3049780E-01 -0.1210000E+00
   883 -0.2946108E+00  0.7564320E-01 -0.1210000E+00
   884 -0.3017683E+00  0.3812220E-01 -0.1210000E+00
   885 -0.3535329E+00  0.9077180E-01 -0.1210000E+00
   886 -0.3621219E+00  0.4574660E-01 -0.1210000E+00
   887  0.0000000E+00  0.0000000E+00 -0.1210000E+00
   888  0.0000000E+00  0.0000000E+00 -0.1210000E+00
   889 -0.6035370E-01  0.7624400E-02 -0.1210000E+00
   890 -0.6083330E-01  0.0000000E+00 -0.1210000E+00
   891 -0.1207073E+00  0.1524890E-01 -0.1210000E+00
   892 -0.1216667E+00  0.0000000E+00 -0.1210000E+00
   893 -0.1810610E+00  0.2287330E-01 -0.1210000E+00
   894 -0.1825000E+00  0.0000000E+00 -0.1210000E+00
   895 -0.2414146E+00  0.3049780E-01 -0.1210000E+00
   896 -0.2433333E+00  0.0000000E+00 -0.1210000E+00
   897 -0.3017683E+00  0.3812220E-01 -0.1210000E+00
   898 -0.3041667E+00  0.0000000E+00 -0.1210000E+00
   899 -0.3621219E+00  0.4574660E-01 -0.1210000E+00
   900 -0.3650000E+00  0.0000000E+00 -0.1210000E+00
     0  0.0000000E+00  0.0000000E+00  0.0000000E+00
      1      2      5      4
      2      3      6      5
      7      8     11     10
      8      9     12     11
     13     14     17     16
     14     15     18     17
     19     20     23     22
     20     21     24     23
     25     26     29     28
     26     27     30     29
     31     32     35     34
     32     33     36     35
     37     38     41     40
     38     39     42     41
     43     44     47     46
     44     45     48     47
     49     50     53     52
     50     51     54     53
     55     56     59     58
     56     57     60     59
     61     62     65     64
     62     63     66     65
     67     68     71     70
     68     69     72     71
     73     74     77     76
     74     75     78     77
     79     80     83     82
     80     81     84     83
     85     86     89     88
     86     87     90     89
     91     92     95     94
     92     93     96     95
     97     98    101    100
     98     99    102    101
    103    104    107    106
    104    105    108    107
    109    110    113    112
    110    111    114    113
    115    116    119    118
    116    117    120    119
    121    122    125    124
    122    123    126    125
    127    128    131    130
    128    129    132    131
    133    134    137    136
    134    135    138    137
    139    140    143    142
    140    141    144    143
    145    146    149    148
    146    147    150    149
    151    152    154    153
    153    154    156    155
    155    156    158    157
    157    158    160    159
    159    160    162    161
    163    164    166    165
    165    166    168    167
    167    168    170    169
    169    170    172    171
    171    172    174    173
    175    176    178    177
    177    178    180    179
    179    180    182    181
    181    182    184    183
    183    184    186    185
    187    188    190    189
    189    190    192    191
    191    192    194    193
    193    194    196    195
    195    196    198    197
    199    200    202    201
    201    202    204    203
    203    204    206    205
    205    206    208    207
    207    208    210    209
    211    212    214    213
    213    214    216    215
    215    216    218    217
    217    218    220    219
    219    220    222    221
    223    224    226    225
    225    226    228    227
    227    228    230    229
    229    230    232    231
    231    232    234    233
    235    236    238    237
    237    238    240    239
    239    240    242    241
    241    242    244    243
    243    244    246    245
    247    248    250    249
    249    250    252    251
    251    252    254    253
    253    254    256    255
    255    256    258    257
    259    260    262    261
    261    262    264    263
    263    264    266    265
    265    266    268    267
    267    268    270    269
    271    272    274    273
    273    274    276    275
    275    276    278    277
    277    278    280    279
    279    280    282    281
    283    284    286    285
    285    286    288    287
    287    288    290    289
    289    290    292    291
    291    292    294    293
    295    296    298    297
    297    298    300    299
    299    300    302    301
    301    302    304    303
    303    304    306    305
    307    308    310    309
    309    310    312    311
    311    312    314    313
    313    314    316    315
    315    316    318    317
    319    320    322    321
    321    322    324    323
    323    324    326    325
    325    326    328    327
    327    328    330    329
    331    332    334    333
    333    334    336    335
    335    336    338    337
    337    338    340    339
    339    340    342    341
    343    344    346    345
    345    346    348    347
    347    348    350    349
    349    350    352    351
    351    352    354    353
    355    356    358    357
    357    358    360    359
    359    360    362    361
    361    362    364    363
    363    364    366    365
    367    368    370    369
    369    370    372    371
    371    372    374    373
    373    374    376    375
    375    376    378    377
    379    380    382    381
    381    382    384    383
    383    384    386    385
    385    386    388    387
    387    388    390    389
    391    392    394    393
    393    394    396    395
    395    396    398    397
    397    398    400    399
    399    400    402    401
    403    404    406    405
    405    406    408    407
    407    408    410    409
    409    410    412    411
    411    412    414    413
    415    416    418    417
    417    418    420    419
    419    420    422    421
    421    422    424    423
    423    424    426    425
    427    428    430    429
    429    430    432    431
    431    432    434    433
    433    434    436    435
    435    436    438    437
    439    440    442    441
    441    442    444    443
    443    444    446    445
    445    446    448    447
    447    448    450    449
    451    452    454    453
    455    456    458    457
    459    460    462    461
    463    464    466    465
    467    468    470    469
    471    472    474    473
    475    476    478    477
    479    480    482    481
    483    484    486    485
    487    488    490    489
    491    492    494    493
    495    496    498    497
    499    500    502    501
    503    504    506    505
    507    508    510    509
    511    512    514    513
    515    516    518    517
    519    520    522    521
    523    524    526    525
    527    528    530    529
    531    532    534    533
    535    536    538    537
    539    540    542    541
    543    544    546    545
    547    548    550    549
    551    552    554    553
    553    554    556    555
    555    556    558    557
    557    558    560    559
    559    560    562    561
    561    562    564    563
    565    566    568    567
    567    568    570    569
    569    570    572    571
    571    572    574    573
    573    574    576    575
    575    576    578    577
    579    580    582    581
    581    582    584    583
    583    584    586    585
    585    586    588    587
    587    588    590    589
    589    590    592    591
    593    594    596    595
    595    596    598    597
    597    598    600    599
    599    600    602    601
    601    602    604    603
    603    604    606    605
    607    608    610    609
    609    610    612    611
    611    612    614    613
    613    614    616    615
    615    616    618    617
    617    618    620    619
    621    622    624    623
    623    624    626    625
    625    626    628    627
    627    628    630    629
    629    630    632    631
    631    632    634    633
    635    636    638    637
    637    638    640    639
    639    640    642    641
    641    642    644    643
    643    644    646    645
    645    646    648    647
    649    650    652    651
    651    652    654    653
    653    654    656    655
    655    656    658    657
    657    658    660    659
    659    660    662    661
    663    664    666    665
    665    666    668    667
    667    668    670    669
    669    670    672    671
    671    672    674    673
    673    674    676    675
    677    678    680    679
    679    680    682    681
    681    682    684    683
    683    684    686    685
    685    686    688    687
    687    688    690    689
    691    692    694    693
    693    694    696    695
    695    696    698    697
    697    698    700    699
    699    700    702    701
    701    702    704    703
    705    706    708    707
    707    708    710    709
    709    710    712    711
    711    712    714    713
    713    714    716    715
    715    716    718    717
    719    720    722    721
    721    722    724    723
    723    724    726    725
    725    726    728    727
    727    728    730    729
    729    730    732    731
    733    734    736    735
    735    736    738    737
    737    738    740    739
    739    740    742    741
    741    742    744    743
    743    744    746    745
    747    748    750    749
    749    750    752    751
    751    752    754    753
    753    754    756    755
    755    756    758    757
    757    758    760    759
    761    762    764    763
    763    764    766    765
    765    766    768    767
    767    768    770    769
    769    770    772    771
    771    772    774    773
    775    776    778    777
    777    778    780    779
    779    780    782    781
    781    782    784    783
    783    784    786    785
    785    786    788    787
    789    790    792    791
    791    792    794    793
    793    794    796    795
    795    796    798    797
    797    798    800    799
    799    800    802    801
    803    804    806    805
    805    806    808    807
    807    808    810    809
    809    810    812    811
    811    812    814    813
    813    814    816    815
    817    818    820    819
    819    820    822    821
    821    822    824    823
    823    824    826    825
    825    826    828    827
    827    828    830    829
    831    832    834    833
    833    834    836    835
    835    836    838    837
    837    838    840    839
    839    840    842    841
    841    842    844    843
    845    846    848    847
    847    848    850    849
    849    850    852    851
    851    852    854    853
    853    854    856    855
    855    856    858    857
    859    860    862    861
    861    862    864    863
    863    864    866    865
    865    866    868    867
    867    868    870    869
    869    870    872    871
    873    874    876    875
    875    876    878    877
    877    878    880    879
    879    880    882    881
    881    882    884    883
    883    884    886    885
    887    888    890    889
    889    890    892    891
    891    892    894    893
    893    894    896    895
    895    896    898    897
    897    898    900    899
      0      0      0      0
