           6
  3.3614700E-04  3.3614700E-04  3.3344098E-04  3.3344098E-04  3.2805002E-04
  3.2805002E-04  3.2001894E-04  3.2001894E-04  3.0940800E-04  3.0940800E-04
  2.9630709E-04  2.9630709E-04  2.8082394E-04  2.8082394E-04  2.6307307E-04
  2.6307307E-04  2.4321287E-04  2.4321287E-04  2.2138505E-04  2.2138505E-04
  1.9778407E-04  1.9778407E-04  1.7258091E-04  1.7258091E-04  1.4599800E-04
  1.4599800E-04  1.1823289E-04  1.1823289E-04  8.9517162E-05  8.9517162E-05
  6.0080809E-05  6.0080809E-05  3.0162109E-05  3.0162109E-05  0.0000000E+00
  0.0000000E+00 -3.0162109E-05 -3.0162109E-05 -6.0080809E-05 -6.0080809E-05
 -8.9517162E-05 -8.9517162E-05 -1.1823289E-04 -1.1823289E-04 -1.4599800E-04
 -1.4599800E-04 -1.7258091E-04 -1.7258091E-04 -1.9778407E-04 -1.9778407E-04
 -2.2138505E-04 -2.2138505E-04 -2.4321287E-04 -2.4321287E-04 -2.6307307E-04
 -2.6307307E-04 -2.8082394E-04 -2.8082394E-04 -2.9630709E-04 -2.9630709E-04
 -3.0940800E-04 -3.0940800E-04 -3.2001894E-04 -3.2001894E-04 -3.2805002E-04
 -3.2805002E-04 -3.3344098E-04 -3.3344098E-04 -3.3614700E-04 -3.3614700E-04
  2.2409800E-04  2.2229399E-04  2.1870002E-04  2.1334595E-04  2.0627200E-04
  1.9753806E-04  1.8721595E-04  1.7538204E-04  1.6214192E-04  1.4759004E-04
  1.3185605E-04  1.1505395E-04  9.7331998E-05  7.8821926E-05  5.9678106E-05
  4.0053874E-05  2.0108073E-05  0.0000000E+00 -2.0108073E-05 -4.0053874E-05
 -5.9678106E-05 -7.8821926E-05 -9.7331998E-05 -1.1505395E-04 -1.3185605E-04
 -1.4759004E-04 -1.6214192E-04 -1.7538204E-04 -1.8721595E-04 -1.9753806E-04
 -2.0627200E-04 -2.1334595E-04 -2.1870002E-04 -2.2229399E-04 -2.2409800E-04
  2.2409795E-04  2.2409804E-04  2.2229395E-04  2.2229404E-04  2.1869998E-04
  2.1870006E-04  2.1334592E-04  2.1334599E-04  2.0627196E-04  2.0627205E-04
  1.9753801E-04  1.9753810E-04  1.8721592E-04  1.8721599E-04  1.7538201E-04
  1.7538208E-04  1.6214189E-04  1.6214195E-04  1.4759001E-04  1.4759006E-04
  1.3185602E-04  1.3185608E-04  1.1505392E-04  1.1505396E-04  9.7331984E-05
  9.7332020E-05  7.8821911E-05  7.8821940E-05  5.9678096E-05  5.9678114E-05
  4.0053867E-05  4.0053881E-05  2.0108069E-05  2.0108077E-05  0.0000000E+00
  0.0000000E+00 -2.0108069E-05 -2.0108077E-05 -4.0053867E-05 -4.0053881E-05
 -5.9678096E-05 -5.9678114E-05 -7.8821911E-05 -7.8821940E-05 -9.7331984E-05
 -9.7332020E-05 -1.1505392E-04 -1.1505396E-04 -1.3185602E-04 -1.3185608E-04
 -1.4759001E-04 -1.4759006E-04 -1.6214189E-04 -1.6214195E-04 -1.7538201E-04
 -1.7538208E-04 -1.8721592E-04 -1.8721599E-04 -1.9753801E-04 -1.9753810E-04
 -2.0627196E-04 -2.0627205E-04 -2.1334592E-04 -2.1334599E-04 -2.1869998E-04
 -2.1870006E-04 -2.2229395E-04 -2.2229404E-04 -2.2409795E-04 -2.2409804E-04
  0.0000000E+00  0.0000000E+00  0.0000000E+00  0.0000000E+00  0.0000000E+00
  0.0000000E+00  0.0000000E+00  0.0000000E+00  0.0000000E+00  0.0000000E+00
  0.0000000E+00  0.0000000E+00  0.0000000E+00  0.0000000E+00  0.0000000E+00
  0.0000000E+00  0.0000000E+00  0.0000000E+00  0.0000000E+00  0.0000000E+00
  0.0000000E+00  0.0000000E+00  0.0000000E+00  0.0000000E+00  0.0000000E+00
  0.0000000E+00  0.0000000E+00  0.0000000E+00  0.0000000E+00  0.0000000E+00
  0.0000000E+00  0.0000000E+00  0.0000000E+00  0.0000000E+00  0.0000000E+00
  0.0000000E+00  0.0000000E+00  0.0000000E+00  0.0000000E+00  0.0000000E+00
  0.0000000E+00  0.0000000E+00  0.0000000E+00  0.0000000E+00  0.0000000E+00
  0.0000000E+00  0.0000000E+00  0.0000000E+00  0.0000000E+00  0.0000000E+00
  0.0000000E+00  0.0000000E+00  0.0000000E+00  0.0000000E+00  0.0000000E+00
  0.0000000E+00  0.0000000E+00  0.0000000E+00  0.0000000E+00  0.0000000E+00
  0.0000000E+00  0.0000000E+00  0.0000000E+00  0.0000000E+00  0.0000000E+00
  0.0000000E+00  0.0000000E+00  0.0000000E+00  0.0000000E+00  0.0000000E+00
  0.0000000E+00  0.0000000E+00  0.0000000E+00  0.0000000E+00  0.0000000E+00
  0.0000000E+00  0.0000000E+00  0.0000000E+00  0.0000000E+00  0.0000000E+00
  0.0000000E+00  0.0000000E+00  0.0000000E+00  0.0000000E+00  0.0000000E+00
  0.0000000E+00  0.0000000E+00  0.0000000E+00  0.0000000E+00  0.0000000E+00
  0.0000000E+00  0.0000000E+00  0.0000000E+00  0.0000000E+00  0.0000000E+00
  0.0000000E+00  0.0000000E+00  0.0000000E+00  0.0000000E+00  0.0000000E+00
  0.0000000E+00  0.0000000E+00  0.0000000E+00  0.0000000E+00  0.0000000E+00
  0.0000000E+00  0.0000000E+00  0.0000000E+00  0.0000000E+00  0.0000000E+00
  0.0000000E+00  0.0000000E+00  0.0000000E+00  0.0000000E+00  0.0000000E+00
  0.0000000E+00  0.0000000E+00  0.0000000E+00  0.0000000E+00  0.0000000E+00
  0.0000000E+00  0.0000000E+00  0.0000000E+00  0.0000000E+00  0.0000000E+00
  0.0000000E+00  0.0000000E+00  0.0000000E+00  0.0000000E+00  0.0000000E+00
  0.0000000E+00  0.0000000E+00  0.0000000E+00  0.0000000E+00  0.0000000E+00
  0.0000000E+00  0.0000000E+00  0.0000000E+00  0.0000000E+00  0.0000000E+00
  0.0000000E+00  0.0000000E+00  0.0000000E+00  0.0000000E+00  0.0000000E+00
  0.0000000E+00  0.0000000E+00  0.0000000E+00  0.0000000E+00  0.0000000E+00
  0.0000000E+00  0.0000000E+00  0.0000000E+00  0.0000000E+00  0.0000000E+00
  0.0000000E+00  0.0000000E+00  0.0000000E+00  0.0000000E+00  0.0000000E+00
  0.0000000E+00  0.0000000E+00  0.0000000E+00  0.0000000E+00  0.0000000E+00
  0.0000000E+00  0.0000000E+00  0.0000000E+00  0.0000000E+00  0.0000000E+00
  0.0000000E+00  0.0000000E+00  0.0000000E+00  0.0000000E+00  0.0000000E+00
  3.3614700E-04  3.3614700E-04  3.3344098E-04  3.3344098E-04  3.2805002E-04
  3.2805002E-04  3.2001894E-04  3.2001894E-04  3.0940800E-04  3.0940800E-04
  2.9630709E-04  2.9630709E-04  2.8082394E-04  2.8082394E-04  2.6307307E-04
  2.6307307E-04  2.4321287E-04  2.4321287E-04  2.2138505E-04  2.2138505E-04
  1.9778407E-04  1.9778407E-04  1.7258091E-04  1.7258091E-04  1.4599800E-04
  1.4599800E-04  1.1823289E-04  1.1823289E-04  8.9517162E-05  8.9517162E-05
  6.0080809E-05  6.0080809E-05  3.0162109E-05  3.0162109E-05  0.0000000E+00
  0.0000000E+00 -3.0162109E-05 -3.0162109E-05 -6.0080809E-05 -6.0080809E-05
 -8.9517162E-05 -8.9517162E-05 -1.1823289E-04 -1.1823289E-04 -1.4599800E-04
 -1.4599800E-04 -1.7258091E-04 -1.7258091E-04 -1.9778407E-04 -1.9778407E-04
 -2.2138505E-04 -2.2138505E-04 -2.4321287E-04 -2.4321287E-04 -2.6307307E-04
 -2.6307307E-04 -2.8082394E-04 -2.8082394E-04 -2.9630709E-04 -2.9630709E-04
 -3.0940800E-04 -3.0940800E-04 -3.2001894E-04 -3.2001894E-04 -3.2805002E-04
 -3.2805002E-04 -3.3344098E-04 -3.3344098E-04 -3.3614700E-04 -3.3614700E-04
  2.2409800E-04  2.2229399E-04  2.1870002E-04  2.1334595E-04  2.0627200E-04
  1.9753806E-04  1.8721595E-04  1.7538204E-04  1.6214192E-04  1.4759004E-04
  1.3185605E-04  1.1505395E-04  9.7331998E-05  7.8821926E-05  5.9678106E-05
  4.0053874E-05  2.0108073E-05  0.0000000E+00 -2.0108073E-05 -4.0053874E-05
 -5.9678106E-05 -7.8821926E-05 -9.7331998E-05 -1.1505395E-04 -1.3185605E-04
 -1.4759004E-04 -1.6214192E-04 -1.7538204E-04 -1.8721595E-04 -1.9753806E-04
 -2.0627200E-04 -2.1334595E-04 -2.1870002E-04 -2.2229399E-04 -2.2409800E-04
  2.2409795E-04  2.2409804E-04  2.2229395E-04  2.2229404E-04  2.1869998E-04
  2.1870006E-04  2.1334592E-04  2.1334599E-04  2.0627196E-04  2.0627205E-04
  1.9753801E-04  1.9753810E-04  1.8721592E-04  1.8721599E-04  1.7538201E-04
  1.7538208E-04  1.6214189E-04  1.6214195E-04  1.4759001E-04  1.4759006E-04
  1.3185602E-04  1.3185608E-04  1.1505392E-04  1.1505396E-04  9.7331984E-05
  9.7332020E-05  7.8821911E-05  7.8821940E-05  5.9678096E-05  5.9678114E-05
  4.0053867E-05  4.0053881E-05  2.0108069E-05  2.0108077E-05  0.0000000E+00
  0.0000000E+00 -2.0108069E-05 -2.0108077E-05 -4.0053867E-05 -4.0053881E-05
 -5.9678096E-05 -5.9678114E-05 -7.8821911E-05 -7.8821940E-05 -9.7331984E-05
 -9.7332020E-05 -1.1505392E-04 -1.1505396E-04 -1.3185602E-04 -1.3185608E-04
 -1.4759001E-04 -1.4759006E-04 -1.6214189E-04 -1.6214195E-04 -1.7538201E-04
 -1.7538208E-04 -1.8721592E-04 -1.8721599E-04 -1.9753801E-04 -1.9753810E-04
 -2.0627196E-04 -2.0627205E-04 -2.1334592E-04 -2.1334599E-04 -2.1869998E-04
 -2.1870006E-04 -2.2229395E-04 -2.2229404E-04 -2.2409795E-04 -2.2409804E-04
  0.0000000E+00  0.0000000E+00  0.0000000E+00  0.0000000E+00  0.0000000E+00
  0.0000000E+00  0.0000000E+00  0.0000000E+00  0.0000000E+00  0.0000000E+00
  0.0000000E+00  0.0000000E+00  0.0000000E+00  0.0000000E+00  0.0000000E+00
  0.0000000E+00  0.0000000E+00  0.0000000E+00  0.0000000E+00  0.0000000E+00
  0.0000000E+00  0.0000000E+00  0.0000000E+00  0.0000000E+00  0.0000000E+00
  0.0000000E+00  0.0000000E+00  0.0000000E+00  0.0000000E+00  0.0000000E+00
  0.0000000E+00  0.0000000E+00  0.0000000E+00  0.0000000E+00  0.0000000E+00
  0.0000000E+00  0.0000000E+00  0.0000000E+00  0.0000000E+00  0.0000000E+00
  0.0000000E+00  0.0000000E+00  0.0000000E+00  0.0000000E+00  0.0000000E+00
  0.0000000E+00  0.0000000E+00  0.0000000E+00  0.0000000E+00  0.0000000E+00
  0.0000000E+00  0.0000000E+00  0.0000000E+00  0.0000000E+00  0.0000000E+00
  0.0000000E+00  0.0000000E+00  0.0000000E+00  0.0000000E+00  0.0000000E+00
  0.0000000E+00  0.0000000E+00  0.0000000E+00  0.0000000E+00  0.0000000E+00
  0.0000000E+00  0.0000000E+00  0.0000000E+00  0.0000000E+00  0.0000000E+00
  0.0000000E+00  0.0000000E+00  0.0000000E+00  0.0000000E+00  0.0000000E+00
  0.0000000E+00  0.0000000E+00  0.0000000E+00  0.0000000E+00  0.0000000E+00
  0.0000000E+00  0.0000000E+00  0.0000000E+00  0.0000000E+00  0.0000000E+00
  0.0000000E+00  0.0000000E+00  0.0000000E+00  0.0000000E+00  0.0000000E+00
  0.0000000E+00  0.0000000E+00  0.0000000E+00  0.0000000E+00  0.0000000E+00
  0.0000000E+00  0.0000000E+00  0.0000000E+00  0.0000000E+00  0.0000000E+00
  0.0000000E+00  0.0000000E+00  0.0000000E+00  0.0000000E+00  0.0000000E+00
  0.0000000E+00  0.0000000E+00  0.0000000E+00  0.0000000E+00  0.0000000E+00
  0.0000000E+00  0.0000000E+00  0.0000000E+00  0.0000000E+00  0.0000000E+00
  0.0000000E+00  0.0000000E+00  0.0000000E+00  0.0000000E+00  0.0000000E+00
  0.0000000E+00  0.0000000E+00  0.0000000E+00  0.0000000E+00  0.0000000E+00
  0.0000000E+00  0.0000000E+00  0.0000000E+00  0.0000000E+00  0.0000000E+00
  0.0000000E+00  0.0000000E+00  0.0000000E+00  0.0000000E+00  0.0000000E+00
  0.0000000E+00  0.0000000E+00  0.0000000E+00  0.0000000E+00  0.0000000E+00
  0.0000000E+00  0.0000000E+00  0.0000000E+00  0.0000000E+00  0.0000000E+00
  0.0000000E+00  0.0000000E+00  0.0000000E+00  0.0000000E+00  0.0000000E+00
  0.0000000E+00  0.0000000E+00  0.0000000E+00  0.0000000E+00  0.0000000E+00
  0.0000000E+00  0.0000000E+00  0.0000000E+00  0.0000000E+00  0.0000000E+00
  0.0000000E+00  0.0000000E+00  0.0000000E+00  0.0000000E+00  0.0000000E+00
  0.0000000E+00  0.0000000E+00  0.0000000E+00  0.0000000E+00  0.0000000E+00
  0.0000000E+00  0.0000000E+00  0.0000000E+00  0.0000000E+00  0.0000000E+00
  1.5095919E-05  1.5095919E-05  4.5168174E-05  4.5168174E-05  7.4873860E-05
  7.4873860E-05  1.0398008E-04  1.0398008E-04  1.3224900E-04  1.3224900E-04
  1.5944995E-04  1.5944995E-04  1.8536992E-04  1.8536992E-04  2.0979613E-04
  2.0979613E-04  2.3253298E-04  2.3253298E-04  2.5339788E-04  2.5339788E-04
  2.7222297E-04  2.7222297E-04  2.8885514E-04  2.8885514E-04  3.0316494E-04
  3.0316494E-04  3.1503002E-04  3.1503002E-04  3.2435998E-04  3.2435998E-04
  3.3107700E-04  3.3107700E-04  3.3513297E-04  3.3513297E-04  3.3648600E-04
  3.3648600E-04  3.3513297E-04  3.3513297E-04  3.3107700E-04  3.3107700E-04
  3.2435998E-04  3.2435998E-04  3.1503002E-04  3.1503002E-04  3.0316494E-04
  3.0316494E-04  2.8885514E-04  2.8885514E-04  2.7222297E-04  2.7222297E-04
  2.5339788E-04  2.5339788E-04  2.3253298E-04  2.3253298E-04  2.0979613E-04
  2.0979613E-04  1.8536992E-04  1.8536992E-04  1.5944995E-04  1.5944995E-04
  1.3224900E-04  1.3224900E-04  1.0398008E-04  1.0398008E-04  7.4873860E-05
  7.4873860E-05  4.5168174E-05  4.5168174E-05  1.5095919E-05  1.5095919E-05
  1.0063946E-05  3.0112116E-05  4.9915907E-05  6.9320049E-05  8.8165994E-05
  1.0629997E-04  1.2357994E-04  1.3986409E-04  1.5502199E-04  1.6893193E-04
  1.8148198E-04  1.9257009E-04  2.0210996E-04  2.1002002E-04  2.1623999E-04
  2.2071801E-04  2.2342197E-04  2.2432399E-04  2.2342197E-04  2.2071801E-04
  2.1623999E-04  2.1002002E-04  2.0210996E-04  1.9257009E-04  1.8148198E-04
  1.6893193E-04  1.5502199E-04  1.3986409E-04  1.2357994E-04  1.0629997E-04
  8.8165994E-05  6.9320049E-05  4.9915907E-05  3.0112116E-05  1.0063946E-05
  1.0063945E-05  1.0063948E-05  3.0112109E-05  3.0112122E-05  4.9915900E-05
  4.9915918E-05  6.9320042E-05  6.9320064E-05  8.8165980E-05  8.8166016E-05
  1.0629994E-04  1.0629999E-04  1.2357993E-04  1.2357997E-04  1.3986406E-04
  1.3986410E-04  1.5502196E-04  1.5502202E-04  1.6893189E-04  1.6893196E-04
  1.8148196E-04  1.8148201E-04  1.9257005E-04  1.9257012E-04  2.0210992E-04
  2.0210999E-04  2.1001998E-04  2.1002005E-04  2.1623995E-04  2.1624002E-04
  2.2071796E-04  2.2071805E-04  2.2342193E-04  2.2342202E-04  2.2432396E-04
  2.2432403E-04  2.2342193E-04  2.2342202E-04  2.2071796E-04  2.2071805E-04
  2.1623995E-04  2.1624002E-04  2.1001998E-04  2.1002005E-04  2.0210992E-04
  2.0210999E-04  1.9257005E-04  1.9257012E-04  1.8148196E-04  1.8148201E-04
  1.6893189E-04  1.6893196E-04  1.5502196E-04  1.5502202E-04  1.3986406E-04
  1.3986410E-04  1.2357993E-04  1.2357997E-04  1.0629994E-04  1.0629999E-04
  8.8165980E-05  8.8166016E-05  6.9320042E-05  6.9320064E-05  4.9915900E-05
  4.9915918E-05  3.0112109E-05  3.0112122E-05  1.0063945E-05  1.0063948E-05
  0.0000000E+00  0.0000000E+00  0.0000000E+00  0.0000000E+00  0.0000000E+00
  0.0000000E+00  0.0000000E+00  0.0000000E+00  0.0000000E+00  0.0000000E+00
  0.0000000E+00  0.0000000E+00  0.0000000E+00  0.0000000E+00  0.0000000E+00
  0.0000000E+00  0.0000000E+00  0.0000000E+00  0.0000000E+00  0.0000000E+00
  0.0000000E+00  0.0000000E+00  0.0000000E+00  0.0000000E+00  0.0000000E+00
  0.0000000E+00  0.0000000E+00  0.0000000E+00  0.0000000E+00  0.0000000E+00
  0.0000000E+00  0.0000000E+00  0.0000000E+00  0.0000000E+00  0.0000000E+00
  0.0000000E+00  0.0000000E+00  0.0000000E+00  0.0000000E+00  0.0000000E+00
  0.0000000E+00  0.0000000E+00  0.0000000E+00  0.0000000E+00  0.0000000E+00
  0.0000000E+00  0.0000000E+00  0.0000000E+00  0.0000000E+00  0.0000000E+00
  0.0000000E+00  0.0000000E+00  0.0000000E+00  0.0000000E+00  0.0000000E+00
  0.0000000E+00  0.0000000E+00  0.0000000E+00  0.0000000E+00  0.0000000E+00
  0.0000000E+00  0.0000000E+00  0.0000000E+00  0.0000000E+00  0.0000000E+00
  0.0000000E+00  0.0000000E+00  0.0000000E+00  0.0000000E+00  0.0000000E+00
  0.0000000E+00  0.0000000E+00  0.0000000E+00  0.0000000E+00  0.0000000E+00
  0.0000000E+00  0.0000000E+00  0.0000000E+00  0.0000000E+00  0.0000000E+00
  0.0000000E+00  0.0000000E+00  0.0000000E+00  0.0000000E+00  0.0000000E+00
  0.0000000E+00  0.0000000E+00  0.0000000E+00  0.0000000E+00  0.0000000E+00
  0.0000000E+00  0.0000000E+00  0.0000000E+00  0.0000000E+00  0.0000000E+00
  0.0000000E+00  0.0000000E+00  0.0000000E+00  0.0000000E+00  0.0000000E+00
  0.0000000E+00  0.0000000E+00  0.0000000E+00  0.0000000E+00  0.0000000E+00
  0.0000000E+00  0.0000000E+00  0.0000000E+00  0.0000000E+00  0.0000000E+00
  0.0000000E+00  0.0000000E+00  0.0000000E+00  0.0000000E+00  0.0000000E+00
  0.0000000E+00  0.0000000E+00  0.0000000E+00  0.0000000E+00  0.0000000E+00
  0.0000000E+00  0.0000000E+00  0.0000000E+00  0.0000000E+00  0.0000000E+00
  0.0000000E+00  0.0000000E+00  0.0000000E+00  0.0000000E+00  0.0000000E+00
  0.0000000E+00  0.0000000E+00  0.0000000E+00  0.0000000E+00  0.0000000E+00
  0.0000000E+00  0.0000000E+00  0.0000000E+00  0.0000000E+00  0.0000000E+00
  0.0000000E+00  0.0000000E+00  0.0000000E+00  0.0000000E+00  0.0000000E+00
  0.0000000E+00  0.0000000E+00  0.0000000E+00  0.0000000E+00  0.0000000E+00
  0.0000000E+00  0.0000000E+00  0.0000000E+00  0.0000000E+00  0.0000000E+00
  0.0000000E+00  0.0000000E+00  0.0000000E+00  0.0000000E+00  0.0000000E+00
  0.0000000E+00  0.0000000E+00  0.0000000E+00  0.0000000E+00  0.0000000E+00
  0.0000000E+00  0.0000000E+00  0.0000000E+00  0.0000000E+00  0.0000000E+00
  0.0000000E+00  0.0000000E+00  0.0000000E+00  0.0000000E+00  0.0000000E+00
 -1.5095919E-05 -1.5095919E-05 -4.5168174E-05 -4.5168174E-05 -7.4873860E-05
 -7.4873860E-05 -1.0398008E-04 -1.0398008E-04 -1.3224900E-04 -1.3224900E-04
 -1.5944995E-04 -1.5944995E-04 -1.8536992E-04 -1.8536992E-04 -2.0979613E-04
 -2.0979613E-04 -2.3253298E-04 -2.3253298E-04 -2.5339788E-04 -2.5339788E-04
 -2.7222297E-04 -2.7222297E-04 -2.8885514E-04 -2.8885514E-04 -3.0316494E-04
 -3.0316494E-04 -3.1503002E-04 -3.1503002E-04 -3.2435998E-04 -3.2435998E-04
 -3.3107700E-04 -3.3107700E-04 -3.3513297E-04 -3.3513297E-04 -3.3648600E-04
 -3.3648600E-04 -3.3513297E-04 -3.3513297E-04 -3.3107700E-04 -3.3107700E-04
 -3.2435998E-04 -3.2435998E-04 -3.1503002E-04 -3.1503002E-04 -3.0316494E-04
 -3.0316494E-04 -2.8885514E-04 -2.8885514E-04 -2.7222297E-04 -2.7222297E-04
 -2.5339788E-04 -2.5339788E-04 -2.3253298E-04 -2.3253298E-04 -2.0979613E-04
 -2.0979613E-04 -1.8536992E-04 -1.8536992E-04 -1.5944995E-04 -1.5944995E-04
 -1.3224900E-04 -1.3224900E-04 -1.0398008E-04 -1.0398008E-04 -7.4873860E-05
 -7.4873860E-05 -4.5168174E-05 -4.5168174E-05 -1.5095919E-05 -1.5095919E-05
 -1.0063946E-05 -3.0112116E-05 -4.9915907E-05 -6.9320049E-05 -8.8165994E-05
 -1.0629997E-04 -1.2357994E-04 -1.3986409E-04 -1.5502199E-04 -1.6893193E-04
 -1.8148198E-04 -1.9257009E-04 -2.0210996E-04 -2.1002002E-04 -2.1623999E-04
 -2.2071801E-04 -2.2342197E-04 -2.2432399E-04 -2.2342197E-04 -2.2071801E-04
 -2.1623999E-04 -2.1002002E-04 -2.0210996E-04 -1.9257009E-04 -1.8148198E-04
 -1.6893193E-04 -1.5502199E-04 -1.3986409E-04 -1.2357994E-04 -1.0629997E-04
 -8.8165994E-05 -6.9320049E-05 -4.9915907E-05 -3.0112116E-05 -1.0063946E-05
 -1.0063945E-05 -1.0063948E-05 -3.0112109E-05 -3.0112122E-05 -4.9915900E-05
 -4.9915918E-05 -6.9320042E-05 -6.9320064E-05 -8.8165980E-05 -8.8166016E-05
 -1.0629994E-04 -1.0629999E-04 -1.2357993E-04 -1.2357997E-04 -1.3986406E-04
 -1.3986410E-04 -1.5502196E-04 -1.5502202E-04 -1.6893189E-04 -1.6893196E-04
 -1.8148196E-04 -1.8148201E-04 -1.9257005E-04 -1.9257012E-04 -2.0210992E-04
 -2.0210999E-04 -2.1001998E-04 -2.1002005E-04 -2.1623995E-04 -2.1624002E-04
 -2.2071796E-04 -2.2071805E-04 -2.2342193E-04 -2.2342202E-04 -2.2432396E-04
 -2.2432403E-04 -2.2342193E-04 -2.2342202E-04 -2.2071796E-04 -2.2071805E-04
 -2.1623995E-04 -2.1624002E-04 -2.1001998E-04 -2.1002005E-04 -2.0210992E-04
 -2.0210999E-04 -1.9257005E-04 -1.9257012E-04 -1.8148196E-04 -1.8148201E-04
 -1.6893189E-04 -1.6893196E-04 -1.5502196E-04 -1.5502202E-04 -1.3986406E-04
 -1.3986410E-04 -1.2357993E-04 -1.2357997E-04 -1.0629994E-04 -1.0629999E-04
 -8.8165980E-05 -8.8166016E-05 -6.9320042E-05 -6.9320064E-05 -4.9915900E-05
 -4.9915918E-05 -3.0112109E-05 -3.0112122E-05 -1.0063945E-05 -1.0063948E-05
  0.0000000E+00  0.0000000E+00  0.0000000E+00  0.0000000E+00  0.0000000E+00
  0.0000000E+00  0.0000000E+00  0.0000000E+00  0.0000000E+00  0.0000000E+00
  0.0000000E+00  0.0000000E+00  0.0000000E+00  0.0000000E+00  0.0000000E+00
  0.0000000E+00  0.0000000E+00  0.0000000E+00  0.0000000E+00  0.0000000E+00
  0.0000000E+00  0.0000000E+00  0.0000000E+00  0.0000000E+00  0.0000000E+00
  0.0000000E+00  0.0000000E+00  0.0000000E+00  0.0000000E+00  0.0000000E+00
  0.0000000E+00  0.0000000E+00  0.0000000E+00  0.0000000E+00  0.0000000E+00
  0.0000000E+00  0.0000000E+00  0.0000000E+00  0.0000000E+00  0.0000000E+00
  0.0000000E+00  0.0000000E+00  0.0000000E+00  0.0000000E+00  0.0000000E+00
  0.0000000E+00  0.0000000E+00  0.0000000E+00  0.0000000E+00  0.0000000E+00
  0.0000000E+00  0.0000000E+00  0.0000000E+00  0.0000000E+00  0.0000000E+00
  0.0000000E+00  0.0000000E+00  0.0000000E+00  0.0000000E+00  0.0000000E+00
  0.0000000E+00  0.0000000E+00  0.0000000E+00  0.0000000E+00  0.0000000E+00
  0.0000000E+00  0.0000000E+00  0.0000000E+00  0.0000000E+00  0.0000000E+00
  0.0000000E+00  0.0000000E+00  0.0000000E+00  0.0000000E+00  0.0000000E+00
  0.0000000E+00  0.0000000E+00  0.0000000E+00  0.0000000E+00  0.0000000E+00
  0.0000000E+00  0.0000000E+00  0.0000000E+00  0.0000000E+00  0.0000000E+00
  0.0000000E+00  0.0000000E+00  0.0000000E+00  0.0000000E+00  0.0000000E+00
  0.0000000E+00  0.0000000E+00  0.0000000E+00  0.0000000E+00  0.0000000E+00
  0.0000000E+00  0.0000000E+00  0.0000000E+00  0.0000000E+00  0.0000000E+00
  0.0000000E+00  0.0000000E+00  0.0000000E+00  0.0000000E+00  0.0000000E+00
  0.0000000E+00  0.0000000E+00  0.0000000E+00  0.0000000E+00  0.0000000E+00
  0.0000000E+00  0.0000000E+00  0.0000000E+00  0.0000000E+00  0.0000000E+00
  0.0000000E+00  0.0000000E+00  0.0000000E+00  0.0000000E+00  0.0000000E+00
  0.0000000E+00  0.0000000E+00  0.0000000E+00  0.0000000E+00  0.0000000E+00
  0.0000000E+00  0.0000000E+00  0.0000000E+00  0.0000000E+00  0.0000000E+00
  0.0000000E+00  0.0000000E+00  0.0000000E+00  0.0000000E+00  0.0000000E+00
  0.0000000E+00  0.0000000E+00  0.0000000E+00  0.0000000E+00  0.0000000E+00
  0.0000000E+00  0.0000000E+00  0.0000000E+00  0.0000000E+00  0.0000000E+00
  0.0000000E+00  0.0000000E+00  0.0000000E+00  0.0000000E+00  0.0000000E+00
  0.0000000E+00  0.0000000E+00  0.0000000E+00  0.0000000E+00  0.0000000E+00
  0.0000000E+00  0.0000000E+00  0.0000000E+00  0.0000000E+00  0.0000000E+00
  0.0000000E+00  0.0000000E+00  0.0000000E+00  0.0000000E+00  0.0000000E+00
  0.0000000E+00  0.0000000E+00  0.0000000E+00  0.0000000E+00  0.0000000E+00
  0.0000000E+00  0.0000000E+00  0.0000000E+00  0.0000000E+00  0.0000000E+00
  0.0000000E+00  0.0000000E+00  0.0000000E+00  0.0000000E+00  0.0000000E+00
  0.0000000E+00  0.0000000E+00  0.0000000E+00  0.0000000E+00  0.0000000E+00
  0.0000000E+00  0.0000000E+00  0.0000000E+00  0.0000000E+00  0.0000000E+00
  0.0000000E+00  0.0000000E+00  0.0000000E+00  0.0000000E+00  0.0000000E+00
  0.0000000E+00  0.0000000E+00  0.0000000E+00  0.0000000E+00  0.0000000E+00
  0.0000000E+00  0.0000000E+00  0.0000000E+00  0.0000000E+00  0.0000000E+00
  0.0000000E+00  0.0000000E+00  0.0000000E+00  0.0000000E+00  0.0000000E+00
  0.0000000E+00  0.0000000E+00  0.0000000E+00  0.0000000E+00  0.0000000E+00
  0.0000000E+00  0.0000000E+00  0.0000000E+00  0.0000000E+00  0.0000000E+00
  0.0000000E+00  0.0000000E+00  0.0000000E+00  0.0000000E+00  0.0000000E+00
  0.0000000E+00  0.0000000E+00  0.0000000E+00  0.0000000E+00  0.0000000E+00
  0.0000000E+00  0.0000000E+00  0.0000000E+00  0.0000000E+00  0.0000000E+00
  0.0000000E+00  0.0000000E+00  0.0000000E+00  0.0000000E+00  0.0000000E+00
  0.0000000E+00  0.0000000E+00  0.0000000E+00  0.0000000E+00  0.0000000E+00
  0.0000000E+00  0.0000000E+00  0.0000000E+00  0.0000000E+00  0.0000000E+00
  0.0000000E+00  0.0000000E+00  0.0000000E+00  0.0000000E+00  0.0000000E+00
  0.0000000E+00  0.0000000E+00  0.0000000E+00  0.0000000E+00  0.0000000E+00
  0.0000000E+00  0.0000000E+00  0.0000000E+00  0.0000000E+00  0.0000000E+00
  0.0000000E+00  0.0000000E+00  0.0000000E+00  0.0000000E+00  0.0000000E+00
  0.0000000E+00  0.0000000E+00  0.0000000E+00  0.0000000E+00  0.0000000E+00
  0.0000000E+00  0.0000000E+00  0.0000000E+00  0.0000000E+00  0.0000000E+00
  0.0000000E+00  0.0000000E+00  0.0000000E+00  0.0000000E+00  0.0000000E+00
  0.0000000E+00  0.0000000E+00  0.0000000E+00  0.0000000E+00  0.0000000E+00
  0.0000000E+00  0.0000000E+00  0.0000000E+00  0.0000000E+00  0.0000000E+00
  0.0000000E+00  0.0000000E+00  0.0000000E+00  0.0000000E+00  0.0000000E+00
  0.0000000E+00  0.0000000E+00  0.0000000E+00  0.0000000E+00  0.0000000E+00
  0.0000000E+00  0.0000000E+00  0.0000000E+00  0.0000000E+00  0.0000000E+00
  0.0000000E+00  0.0000000E+00  0.0000000E+00  0.0000000E+00  0.0000000E+00
  0.0000000E+00  0.0000000E+00  0.0000000E+00  0.0000000E+00  0.0000000E+00
  0.0000000E+00  0.0000000E+00  0.0000000E+00  0.0000000E+00  0.0000000E+00
  0.0000000E+00  0.0000000E+00  0.0000000E+00  0.0000000E+00  0.0000000E+00
  0.0000000E+00  0.0000000E+00  0.0000000E+00  0.0000000E+00  0.0000000E+00
  0.0000000E+00  0.0000000E+00  0.0000000E+00  0.0000000E+00  0.0000000E+00
  0.0000000E+00  0.0000000E+00  0.0000000E+00  0.0000000E+00  0.0000000E+00
  0.0000000E+00  0.0000000E+00  0.0000000E+00  0.0000000E+00  0.0000000E+00
 -2.8012500E-05 -8.4037390E-05 -1.4006135E-04 -1.9608479E-04 -2.5211024E-04
 -2.8011933E-05 -8.4035462E-05 -1.4006146E-04 -1.9608749E-04 -2.5211100E-04
 -2.8012097E-05 -8.4036736E-05 -1.4006117E-04 -1.9608646E-04 -2.5211056E-04
 -2.8012921E-05 -8.4037521E-05 -1.4006057E-04 -1.9608563E-04 -2.5211152E-04
 -2.8012275E-05 -8.4037914E-05 -1.4006274E-04 -1.9608627E-04 -2.5211083E-04
 -2.8012393E-05 -8.4037179E-05 -1.4006117E-04 -1.9608450E-04 -2.5210934E-04
 -2.8011778E-05 -8.4036452E-05 -1.4006233E-04 -1.9608659E-04 -2.5211147E-04
 -2.8012597E-05 -8.4035841E-05 -1.4006009E-04 -1.9608629E-04 -2.5211071E-04
 -2.8012122E-05 -8.4036881E-05 -1.4006236E-04 -1.9608537E-04 -2.5211001E-04
 -2.8012895E-05 -8.4037507E-05 -1.4006240E-04 -1.9608758E-04 -2.5210975E-04
 -2.8011733E-05 -8.4037165E-05 -1.4006125E-04 -1.9608584E-04 -2.5211083E-04
 -2.8012448E-05 -8.4036845E-05 -1.4006130E-04 -1.9608559E-04 -2.5210826E-04
 -2.8012353E-05 -8.4036015E-05 -1.4005984E-04 -1.9608661E-04 -2.5211222E-04
 -2.8012186E-05 -8.4037776E-05 -1.4006288E-04 -1.9608616E-04 -2.5211048E-04
 -2.8012297E-05 -8.4036888E-05 -1.4006160E-04 -1.9608544E-04 -2.5211007E-04
 -2.8012259E-05 -8.4035964E-05 -1.4006055E-04 -1.9608680E-04 -2.5211001E-04
 -2.8012128E-05 -8.4037689E-05 -1.4006207E-04 -1.9608517E-04 -2.5211016E-04
 -2.8011738E-05 -8.4035215E-05 -1.4006172E-04 -1.9608715E-04 -2.5211062E-04
 -2.8012128E-05 -8.4037689E-05 -1.4006207E-04 -1.9608515E-04 -2.5211019E-04
 -2.8012259E-05 -8.4035964E-05 -1.4006055E-04 -1.9608680E-04 -2.5211001E-04
 -2.8012295E-05 -8.4036888E-05 -1.4006160E-04 -1.9608543E-04 -2.5211007E-04
 -2.8012186E-05 -8.4037776E-05 -1.4006288E-04 -1.9608616E-04 -2.5211048E-04
 -2.8012353E-05 -8.4036015E-05 -1.4005984E-04 -1.9608661E-04 -2.5211222E-04
 -2.8012448E-05 -8.4036845E-05 -1.4006128E-04 -1.9608559E-04 -2.5210826E-04
 -2.8011735E-05 -8.4037172E-05 -1.4006125E-04 -1.9608584E-04 -2.5211085E-04
 -2.8012895E-05 -8.4037514E-05 -1.4006240E-04 -1.9608758E-04 -2.5210978E-04
 -2.8012122E-05 -8.4036881E-05 -1.4006236E-04 -1.9608540E-04 -2.5211001E-04
 -2.8012595E-05 -8.4035841E-05 -1.4006009E-04 -1.9608630E-04 -2.5211071E-04
 -2.8011778E-05 -8.4036452E-05 -1.4006234E-04 -1.9608659E-04 -2.5211147E-04
 -2.8012393E-05 -8.4037179E-05 -1.4006117E-04 -1.9608448E-04 -2.5210934E-04
 -2.8012273E-05 -8.4037907E-05 -1.4006274E-04 -1.9608627E-04 -2.5211083E-04
 -2.8012921E-05 -8.4037521E-05 -1.4006057E-04 -1.9608563E-04 -2.5211152E-04
 -2.8012098E-05 -8.4036743E-05 -1.4006118E-04 -1.9608646E-04 -2.5211056E-04
 -2.8011931E-05 -8.4035462E-05 -1.4006146E-04 -1.9608749E-04 -2.5211100E-04
 -2.8012500E-05 -8.4037390E-05 -1.4006135E-04 -1.9608479E-04 -2.5211021E-04
  0.0000000E+00  0.0000000E+00  0.0000000E+00  0.0000000E+00  0.0000000E+00
  0.0000000E+00  0.0000000E+00  0.0000000E+00  0.0000000E+00  0.0000000E+00
  0.0000000E+00  0.0000000E+00  0.0000000E+00  0.0000000E+00  0.0000000E+00
  0.0000000E+00  0.0000000E+00  0.0000000E+00  0.0000000E+00  0.0000000E+00
  0.0000000E+00  0.0000000E+00  0.0000000E+00  0.0000000E+00  0.0000000E+00
  0.0000000E+00  0.0000000E+00  0.0000000E+00  0.0000000E+00  0.0000000E+00
  0.0000000E+00  0.0000000E+00  0.0000000E+00  0.0000000E+00  0.0000000E+00
  0.0000000E+00  0.0000000E+00  0.0000000E+00  0.0000000E+00  0.0000000E+00
  0.0000000E+00  0.0000000E+00  0.0000000E+00  0.0000000E+00  0.0000000E+00
  0.0000000E+00  0.0000000E+00  0.0000000E+00  0.0000000E+00  0.0000000E+00
  0.0000000E+00  0.0000000E+00  0.0000000E+00  0.0000000E+00  0.0000000E+00
  0.0000000E+00  0.0000000E+00  0.0000000E+00  0.0000000E+00  0.0000000E+00
  0.0000000E+00  0.0000000E+00  0.0000000E+00  0.0000000E+00  0.0000000E+00
  0.0000000E+00  0.0000000E+00  0.0000000E+00  0.0000000E+00  0.0000000E+00
  0.0000000E+00  0.0000000E+00  0.0000000E+00  0.0000000E+00  0.0000000E+00
  0.0000000E+00  0.0000000E+00  0.0000000E+00  0.0000000E+00  0.0000000E+00
  0.0000000E+00  0.0000000E+00  0.0000000E+00  0.0000000E+00  0.0000000E+00
  0.0000000E+00  0.0000000E+00  0.0000000E+00  0.0000000E+00  0.0000000E+00
  0.0000000E+00  0.0000000E+00  0.0000000E+00  0.0000000E+00  0.0000000E+00
  0.0000000E+00  0.0000000E+00  0.0000000E+00  0.0000000E+00  0.0000000E+00
  0.0000000E+00  0.0000000E+00  0.0000000E+00  0.0000000E+00  0.0000000E+00
  0.0000000E+00  0.0000000E+00  0.0000000E+00  0.0000000E+00  0.0000000E+00
  0.0000000E+00  0.0000000E+00  0.0000000E+00  0.0000000E+00  0.0000000E+00
  0.0000000E+00  0.0000000E+00  0.0000000E+00  0.0000000E+00  0.0000000E+00
  0.0000000E+00  0.0000000E+00  0.0000000E+00  0.0000000E+00  0.0000000E+00
  0.0000000E+00  0.0000000E+00  0.0000000E+00  0.0000000E+00  0.0000000E+00
  0.0000000E+00  0.0000000E+00  0.0000000E+00  0.0000000E+00  0.0000000E+00
  0.0000000E+00  0.0000000E+00  0.0000000E+00  0.0000000E+00  0.0000000E+00
  0.0000000E+00  0.0000000E+00  0.0000000E+00  0.0000000E+00  0.0000000E+00
  0.0000000E+00  0.0000000E+00  0.0000000E+00  0.0000000E+00  0.0000000E+00
  0.0000000E+00  0.0000000E+00  0.0000000E+00  0.0000000E+00  0.0000000E+00
  0.0000000E+00  0.0000000E+00  0.0000000E+00  0.0000000E+00  0.0000000E+00
  0.0000000E+00  0.0000000E+00  0.0000000E+00  0.0000000E+00  0.0000000E+00
  0.0000000E+00  0.0000000E+00  0.0000000E+00  0.0000000E+00  0.0000000E+00
  0.0000000E+00  0.0000000E+00  0.0000000E+00  0.0000000E+00  0.0000000E+00
 -2.8012500E-05 -8.4037390E-05 -1.4006135E-04 -1.9608479E-04 -2.5211024E-04
 -2.8011933E-05 -8.4035462E-05 -1.4006146E-04 -1.9608749E-04 -2.5211100E-04
 -2.8012097E-05 -8.4036736E-05 -1.4006117E-04 -1.9608646E-04 -2.5211056E-04
 -2.8012921E-05 -8.4037521E-05 -1.4006057E-04 -1.9608563E-04 -2.5211152E-04
 -2.8012275E-05 -8.4037914E-05 -1.4006274E-04 -1.9608627E-04 -2.5211083E-04
 -2.8012393E-05 -8.4037179E-05 -1.4006117E-04 -1.9608450E-04 -2.5210934E-04
 -2.8011778E-05 -8.4036452E-05 -1.4006233E-04 -1.9608659E-04 -2.5211147E-04
 -2.8012597E-05 -8.4035841E-05 -1.4006009E-04 -1.9608629E-04 -2.5211071E-04
 -2.8012122E-05 -8.4036881E-05 -1.4006236E-04 -1.9608537E-04 -2.5211001E-04
 -2.8012895E-05 -8.4037507E-05 -1.4006240E-04 -1.9608758E-04 -2.5210975E-04
 -2.8011733E-05 -8.4037165E-05 -1.4006125E-04 -1.9608584E-04 -2.5211083E-04
 -2.8012448E-05 -8.4036845E-05 -1.4006130E-04 -1.9608559E-04 -2.5210826E-04
 -2.8012353E-05 -8.4036015E-05 -1.4005984E-04 -1.9608661E-04 -2.5211222E-04
 -2.8012186E-05 -8.4037776E-05 -1.4006288E-04 -1.9608616E-04 -2.5211048E-04
 -2.8012297E-05 -8.4036888E-05 -1.4006160E-04 -1.9608544E-04 -2.5211007E-04
 -2.8012259E-05 -8.4035964E-05 -1.4006055E-04 -1.9608680E-04 -2.5211001E-04
 -2.8012128E-05 -8.4037689E-05 -1.4006207E-04 -1.9608517E-04 -2.5211016E-04
 -2.8011738E-05 -8.4035215E-05 -1.4006172E-04 -1.9608715E-04 -2.5211062E-04
 -2.8012128E-05 -8.4037689E-05 -1.4006207E-04 -1.9608515E-04 -2.5211019E-04
 -2.8012259E-05 -8.4035964E-05 -1.4006055E-04 -1.9608680E-04 -2.5211001E-04
 -2.8012295E-05 -8.4036888E-05 -1.4006160E-04 -1.9608543E-04 -2.5211007E-04
 -2.8012186E-05 -8.4037776E-05 -1.4006288E-04 -1.9608616E-04 -2.5211048E-04
 -2.8012353E-05 -8.4036015E-05 -1.4005984E-04 -1.9608661E-04 -2.5211222E-04
 -2.8012448E-05 -8.4036845E-05 -1.4006128E-04 -1.9608559E-04 -2.5210826E-04
 -2.8011735E-05 -8.4037172E-05 -1.4006125E-04 -1.9608584E-04 -2.5211085E-04
 -2.8012895E-05 -8.4037514E-05 -1.4006240E-04 -1.9608758E-04 -2.5210978E-04
 -2.8012122E-05 -8.4036881E-05 -1.4006236E-04 -1.9608540E-04 -2.5211001E-04
 -2.8012595E-05 -8.4035841E-05 -1.4006009E-04 -1.9608630E-04 -2.5211071E-04
 -2.8011778E-05 -8.4036452E-05 -1.4006234E-04 -1.9608659E-04 -2.5211147E-04
 -2.8012393E-05 -8.4037179E-05 -1.4006117E-04 -1.9608448E-04 -2.5210934E-04
 -2.8012273E-05 -8.4037907E-05 -1.4006274E-04 -1.9608627E-04 -2.5211083E-04
 -2.8012921E-05 -8.4037521E-05 -1.4006057E-04 -1.9608563E-04 -2.5211152E-04
 -2.8012098E-05 -8.4036743E-05 -1.4006118E-04 -1.9608646E-04 -2.5211056E-04
 -2.8011931E-05 -8.4035462E-05 -1.4006146E-04 -1.9608749E-04 -2.5211100E-04
 -2.8012500E-05 -8.4037390E-05 -1.4006135E-04 -1.9608479E-04 -2.5211021E-04
  1.5850716E-06  1.1321939E-06  4.7426579E-06  3.3876127E-06  7.8617541E-06
  5.6155395E-06  1.0917906E-05  7.7985051E-06  1.3886143E-05  9.9186746E-06
  1.6742244E-05  1.1958746E-05  1.9463838E-05  1.3902743E-05  2.2028593E-05
  1.5734708E-05  2.4415960E-05  1.7439974E-05  2.6606775E-05  1.9004839E-05
  2.8583408E-05  2.0416721E-05  3.0329789E-05  2.1664133E-05  3.1832318E-05
  2.2737369E-05  3.3078151E-05  2.3627250E-05  3.4057794E-05  2.4326995E-05
  3.4763081E-05  2.4830775E-05  3.5188958E-05  2.5134970E-05  3.5331028E-05
  2.5236448E-05  3.5188958E-05  2.5134970E-05  3.4763081E-05  2.4830775E-05
  3.4057794E-05  2.4326995E-05  3.3078151E-05  2.3627250E-05  3.1832318E-05
  2.2737369E-05  3.0329789E-05  2.1664133E-05  2.8583408E-05  2.0416721E-05
  2.6606775E-05  1.9004839E-05  2.4415960E-05  1.7439974E-05  2.2028593E-05
  1.5734708E-05  1.9463838E-05  1.3902743E-05  1.6742244E-05  1.1958746E-05
  1.3886143E-05  9.9186746E-06  1.0917906E-05  7.7985051E-06  7.8617541E-06
  5.6155395E-06  4.7426579E-06  3.3876127E-06  1.5850716E-06  1.1321939E-06
  1.3083130E-06  3.9145748E-06  6.4890678E-06  9.0116064E-06  1.1461579E-05
  1.3818995E-05  1.6065393E-05  1.8182331E-05  2.0152856E-05  2.1961150E-05
  2.3592658E-05  2.5034111E-05  2.6274294E-05  2.7302603E-05  2.8111199E-05
  2.8693341E-05  2.9044855E-05  2.9162116E-05  2.9044855E-05  2.8693341E-05
  2.8111199E-05  2.7302603E-05  2.6274294E-05  2.5034111E-05  2.3592658E-05
  2.1961150E-05  2.0152856E-05  1.8182331E-05  1.6065393E-05  1.3818995E-05
  1.1461579E-05  9.0116064E-06  6.4890678E-06  3.9145748E-06  1.3083130E-06
  1.7108705E-06  1.5095924E-06  5.1190586E-06  4.5168181E-06  8.4857029E-06
  7.4873883E-06  1.1784407E-05  1.0398009E-05  1.4988216E-05  1.3224903E-05
  1.8070990E-05  1.5944999E-05  2.1008587E-05  1.8536997E-05  2.3776889E-05
  2.0979616E-05  2.6353735E-05  2.3253304E-05  2.8718423E-05  2.5339796E-05
  3.0851934E-05  2.7222302E-05  3.2736905E-05  2.8885519E-05  3.4358687E-05
  3.0316500E-05  3.5703393E-05  3.1503008E-05  3.6760790E-05  3.2436004E-05
  3.7522055E-05  3.3107710E-05  3.7981728E-05  3.3513301E-05  3.8135073E-05
  3.3648605E-05  3.7981728E-05  3.3513301E-05  3.7522055E-05  3.3107710E-05
  3.6760790E-05  3.2436004E-05  3.5703393E-05  3.1503008E-05  3.4358687E-05
  3.0316500E-05  3.2736905E-05  2.8885519E-05  3.0851934E-05  2.7222302E-05
  2.8718423E-05  2.5339796E-05  2.6353735E-05  2.3253304E-05  2.3776889E-05
  2.0979616E-05  2.1008587E-05  1.8536997E-05  1.8070990E-05  1.5944999E-05
  1.4988216E-05  1.3224903E-05  1.1784407E-05  1.0398009E-05  8.4857029E-06
  7.4873883E-06  5.1190586E-06  4.5168181E-06  1.7108705E-06  1.5095924E-06
 -2.0925340E-08 -1.4647712E-07 -3.9757430E-07 -7.7421674E-07 -1.2764220E-06
 -6.2605736E-08 -4.3823840E-07 -1.1895254E-06 -2.3164594E-06 -3.8190037E-06
 -1.0378295E-07 -7.2648464E-07 -1.9718934E-06 -3.8400240E-06 -6.3308280E-06
 -1.4412929E-07 -1.0088868E-06 -2.7383740E-06 -5.3326539E-06 -8.7917206E-06
 -1.8330768E-07 -1.2831691E-06 -3.4828706E-06 -6.7823858E-06 -1.1181770E-05
 -2.2101405E-07 -1.5470982E-06 -4.1992380E-06 -8.1774169E-06 -1.3481727E-05
 -2.5693430E-07 -1.7985682E-06 -4.8818770E-06 -9.5067680E-06 -1.5673340E-05
 -2.9079970E-07 -2.0355471E-06 -5.5250835E-06 -1.0759489E-05 -1.7738594E-05
 -3.2231119E-07 -2.2561894E-06 -6.1239748E-06 -1.1925524E-05 -1.9661029E-05
 -3.5124157E-07 -2.4586520E-06 -6.6734856E-06 -1.2995748E-05 -2.1425176E-05
 -3.7731900E-07 -2.6413011E-06 -7.1691943E-06 -1.3961087E-05 -2.3016955E-05
 -4.0038378E-07 -2.8026707E-06 -7.6072470E-06 -1.4814084E-05 -2.4423063E-05
 -4.2021426E-07 -2.9414605E-06 -7.9839610E-06 -1.5547932E-05 -2.5633164E-05
 -4.3665958E-07 -3.0566641E-06 -8.2966471E-06 -1.6156484E-05 -2.6636329E-05
 -4.4959364E-07 -3.1471554E-06 -8.5422898E-06 -1.6634922E-05 -2.7425160E-05
 -4.5890522E-07 -3.2123050E-06 -8.7191665E-06 -1.6979595E-05 -2.7993203E-05
 -4.6452050E-07 -3.2516994E-06 -8.8259840E-06 -1.7187305E-05 -2.8335908E-05
 -4.6639175E-07 -3.2647422E-06 -8.8616498E-06 -1.7256949E-05 -2.8450480E-05
 -4.6452050E-07 -3.2516996E-06 -8.8259840E-06 -1.7187302E-05 -2.8335902E-05
 -4.5890522E-07 -3.2123050E-06 -8.7191665E-06 -1.6979595E-05 -2.7993205E-05
 -4.4959361E-07 -3.1471554E-06 -8.5422889E-06 -1.6634920E-05 -2.7425162E-05
 -4.3665958E-07 -3.0566644E-06 -8.2966462E-06 -1.6156484E-05 -2.6636329E-05
 -4.2021426E-07 -2.9414603E-06 -7.9839610E-06 -1.5547932E-05 -2.5633164E-05
 -4.0038378E-07 -2.8026709E-06 -7.6072461E-06 -1.4814083E-05 -2.4423063E-05
 -3.7731903E-07 -2.6413013E-06 -7.1691957E-06 -1.3961087E-05 -2.3016955E-05
 -3.5124157E-07 -2.4586520E-06 -6.6734847E-06 -1.2995748E-05 -2.1425176E-05
 -3.2231119E-07 -2.2561892E-06 -6.1239748E-06 -1.1925526E-05 -1.9661029E-05
 -2.9079970E-07 -2.0355471E-06 -5.5250835E-06 -1.0759490E-05 -1.7738594E-05
 -2.5693430E-07 -1.7985680E-06 -4.8818770E-06 -9.5067680E-06 -1.5673340E-05
 -2.2101405E-07 -1.5470985E-06 -4.1992371E-06 -8.1774160E-06 -1.3481727E-05
 -1.8330766E-07 -1.2831691E-06 -3.4828706E-06 -6.7823858E-06 -1.1181770E-05
 -1.4412929E-07 -1.0088867E-06 -2.7383740E-06 -5.3326539E-06 -8.7917206E-06
 -1.0378296E-07 -7.2648464E-07 -1.9718934E-06 -3.8400235E-06 -6.3308285E-06
 -6.2605736E-08 -4.3823840E-07 -1.1895254E-06 -2.3164591E-06 -3.8190037E-06
 -2.0925340E-08 -1.4647712E-07 -3.9757435E-07 -7.7421674E-07 -1.2764218E-06
 -1.5850716E-06 -1.1321939E-06 -4.7426579E-06 -3.3876127E-06 -7.8617541E-06
 -5.6155395E-06 -1.0917906E-05 -7.7985051E-06 -1.3886143E-05 -9.9186746E-06
 -1.6742244E-05 -1.1958746E-05 -1.9463838E-05 -1.3902743E-05 -2.2028593E-05
 -1.5734708E-05 -2.4415960E-05 -1.7439974E-05 -2.6606775E-05 -1.9004839E-05
 -2.8583408E-05 -2.0416721E-05 -3.0329789E-05 -2.1664133E-05 -3.1832318E-05
 -2.2737369E-05 -3.3078151E-05 -2.3627250E-05 -3.4057794E-05 -2.4326995E-05
 -3.4763081E-05 -2.4830775E-05 -3.5188958E-05 -2.5134970E-05 -3.5331028E-05
 -2.5236448E-05 -3.5188958E-05 -2.5134970E-05 -3.4763081E-05 -2.4830775E-05
 -3.4057794E-05 -2.4326995E-05 -3.3078151E-05 -2.3627250E-05 -3.1832318E-05
 -2.2737369E-05 -3.0329789E-05 -2.1664133E-05 -2.8583408E-05 -2.0416721E-05
 -2.6606775E-05 -1.9004839E-05 -2.4415960E-05 -1.7439974E-05 -2.2028593E-05
 -1.5734708E-05 -1.9463838E-05 -1.3902743E-05 -1.6742244E-05 -1.1958746E-05
 -1.3886143E-05 -9.9186746E-06 -1.0917906E-05 -7.7985051E-06 -7.8617541E-06
 -5.6155395E-06 -4.7426579E-06 -3.3876127E-06 -1.5850716E-06 -1.1321939E-06
 -1.3083130E-06 -3.9145748E-06 -6.4890678E-06 -9.0116064E-06 -1.1461579E-05
 -1.3818995E-05 -1.6065393E-05 -1.8182331E-05 -2.0152856E-05 -2.1961150E-05
 -2.3592658E-05 -2.5034111E-05 -2.6274294E-05 -2.7302603E-05 -2.8111199E-05
 -2.8693341E-05 -2.9044855E-05 -2.9162116E-05 -2.9044855E-05 -2.8693341E-05
 -2.8111199E-05 -2.7302603E-05 -2.6274294E-05 -2.5034111E-05 -2.3592658E-05
 -2.1961150E-05 -2.0152856E-05 -1.8182331E-05 -1.6065393E-05 -1.3818995E-05
 -1.1461579E-05 -9.0116064E-06 -6.4890678E-06 -3.9145748E-06 -1.3083130E-06
 -1.7108705E-06 -1.5095924E-06 -5.1190586E-06 -4.5168181E-06 -8.4857029E-06
 -7.4873883E-06 -1.1784407E-05 -1.0398009E-05 -1.4988216E-05 -1.3224903E-05
 -1.8070990E-05 -1.5944999E-05 -2.1008587E-05 -1.8536997E-05 -2.3776889E-05
 -2.0979616E-05 -2.6353735E-05 -2.3253304E-05 -2.8718423E-05 -2.5339796E-05
 -3.0851934E-05 -2.7222302E-05 -3.2736905E-05 -2.8885519E-05 -3.4358687E-05
 -3.0316500E-05 -3.5703393E-05 -3.1503008E-05 -3.6760790E-05 -3.2436004E-05
 -3.7522055E-05 -3.3107710E-05 -3.7981728E-05 -3.3513301E-05 -3.8135073E-05
 -3.3648605E-05 -3.7981728E-05 -3.3513301E-05 -3.7522055E-05 -3.3107710E-05
 -3.6760790E-05 -3.2436004E-05 -3.5703393E-05 -3.1503008E-05 -3.4358687E-05
 -3.0316500E-05 -3.2736905E-05 -2.8885519E-05 -3.0851934E-05 -2.7222302E-05
 -2.8718423E-05 -2.5339796E-05 -2.6353735E-05 -2.3253304E-05 -2.3776889E-05
 -2.0979616E-05 -2.1008587E-05 -1.8536997E-05 -1.8070990E-05 -1.5944999E-05
 -1.4988216E-05 -1.3224903E-05 -1.1784407E-05 -1.0398009E-05 -8.4857029E-06
 -7.4873883E-06 -5.1190586E-06 -4.5168181E-06 -1.7108705E-06 -1.5095924E-06
  2.0925340E-08  1.4647712E-07  3.9757430E-07  7.7421674E-07  1.2764220E-06
  6.2605736E-08  4.3823840E-07  1.1895254E-06  2.3164594E-06  3.8190037E-06
  1.0378295E-07  7.2648464E-07  1.9718934E-06  3.8400240E-06  6.3308280E-06
  1.4412929E-07  1.0088868E-06  2.7383740E-06  5.3326539E-06  8.7917206E-06
  1.8330768E-07  1.2831691E-06  3.4828706E-06  6.7823858E-06  1.1181770E-05
  2.2101405E-07  1.5470982E-06  4.1992380E-06  8.1774169E-06  1.3481727E-05
  2.5693430E-07  1.7985682E-06  4.8818770E-06  9.5067680E-06  1.5673340E-05
  2.9079970E-07  2.0355471E-06  5.5250835E-06  1.0759489E-05  1.7738594E-05
  3.2231119E-07  2.2561894E-06  6.1239748E-06  1.1925524E-05  1.9661029E-05
  3.5124157E-07  2.4586520E-06  6.6734856E-06  1.2995748E-05  2.1425176E-05
  3.7731900E-07  2.6413011E-06  7.1691943E-06  1.3961087E-05  2.3016955E-05
  4.0038378E-07  2.8026707E-06  7.6072470E-06  1.4814084E-05  2.4423063E-05
  4.2021426E-07  2.9414605E-06  7.9839610E-06  1.5547932E-05  2.5633164E-05
  4.3665958E-07  3.0566641E-06  8.2966471E-06  1.6156484E-05  2.6636329E-05
  4.4959364E-07  3.1471554E-06  8.5422898E-06  1.6634922E-05  2.7425160E-05
  4.5890522E-07  3.2123050E-06  8.7191665E-06  1.6979595E-05  2.7993203E-05
  4.6452050E-07  3.2516994E-06  8.8259840E-06  1.7187305E-05  2.8335908E-05
  4.6639175E-07  3.2647422E-06  8.8616498E-06  1.7256949E-05  2.8450480E-05
  4.6452050E-07  3.2516996E-06  8.8259840E-06  1.7187302E-05  2.8335902E-05
  4.5890522E-07  3.2123050E-06  8.7191665E-06  1.6979595E-05  2.7993205E-05
  4.4959361E-07  3.1471554E-06  8.5422889E-06  1.6634920E-05  2.7425162E-05
  4.3665958E-07  3.0566644E-06  8.2966462E-06  1.6156484E-05  2.6636329E-05
  4.2021426E-07  2.9414603E-06  7.9839610E-06  1.5547932E-05  2.5633164E-05
  4.0038378E-07  2.8026709E-06  7.6072461E-06  1.4814083E-05  2.4423063E-05
  3.7731903E-07  2.6413013E-06  7.1691957E-06  1.3961087E-05  2.3016955E-05
  3.5124157E-07  2.4586520E-06  6.6734847E-06  1.2995748E-05  2.1425176E-05
  3.2231119E-07  2.2561892E-06  6.1239748E-06  1.1925526E-05  1.9661029E-05
  2.9079970E-07  2.0355471E-06  5.5250835E-06  1.0759490E-05  1.7738594E-05
  2.5693430E-07  1.7985680E-06  4.8818770E-06  9.5067680E-06  1.5673340E-05
  2.2101405E-07  1.5470985E-06  4.1992371E-06  8.1774160E-06  1.3481727E-05
  1.8330766E-07  1.2831691E-06  3.4828706E-06  6.7823858E-06  1.1181770E-05
  1.4412929E-07  1.0088867E-06  2.7383740E-06  5.3326539E-06  8.7917206E-06
  1.0378296E-07  7.2648464E-07  1.9718934E-06  3.8400235E-06  6.3308285E-06
  6.2605736E-08  4.3823840E-07  1.1895254E-06  2.3164591E-06  3.8190037E-06
  2.0925340E-08  1.4647712E-07  3.9757435E-07  7.7421674E-07  1.2764218E-06
 -3.5295438E-05 -2.5211024E-05 -3.5011304E-05 -2.5008072E-05 -3.4445249E-05
 -2.4603751E-05 -3.3601988E-05 -2.4001420E-05 -3.2487835E-05 -2.3205599E-05
 -3.1112246E-05 -2.2223030E-05 -2.9486511E-05 -2.1061795E-05 -2.7622673E-05
 -1.9730480E-05 -2.5537349E-05 -1.8240964E-05 -2.3245428E-05 -1.6603877E-05
 -2.0767326E-05 -1.4833805E-05 -1.8120996E-05 -1.2943568E-05 -1.5329788E-05
 -1.0949849E-05 -1.2414452E-05 -8.8674660E-06 -9.3993012E-06 -6.7137867E-06
 -6.3084844E-06 -4.5060606E-06 -3.1670215E-06 -2.2621580E-06  0.0000000E+00
  0.0000000E+00  3.1670215E-06  2.2621580E-06  6.3084844E-06  4.5060606E-06
  9.3993012E-06  6.7137867E-06  1.2414452E-05  8.8674660E-06  1.5329788E-05
  1.0949849E-05  1.8120996E-05  1.2943568E-05  2.0767326E-05  1.4833805E-05
  2.3245428E-05  1.6603877E-05  2.5537349E-05  1.8240964E-05  2.7622673E-05
  1.9730480E-05  2.9486511E-05  2.1061795E-05  3.1112246E-05  2.2223030E-05
  3.2487835E-05  2.3205599E-05  3.3601988E-05  2.4001420E-05  3.4445249E-05
  2.4603751E-05  3.5011304E-05  2.5008072E-05  3.5295438E-05  2.5211024E-05
 -2.9132738E-05 -2.8898217E-05 -2.8431004E-05 -2.7734974E-05 -2.6815360E-05
 -2.5679947E-05 -2.4338073E-05 -2.2799662E-05 -2.1078449E-05 -1.9186702E-05
 -1.7141287E-05 -1.4957013E-05 -1.2653160E-05 -1.0246849E-05 -7.7581535E-06
 -5.2070031E-06 -2.6140494E-06  0.0000000E+00  2.6140494E-06  5.2070031E-06
  7.7581535E-06  1.0246849E-05  1.2653160E-05  1.4957013E-05  1.7141287E-05
  1.9186702E-05  2.1078449E-05  2.2799662E-05  2.4338073E-05  2.5679947E-05
  2.6815360E-05  2.7734974E-05  2.8431004E-05  2.8898217E-05  2.9132738E-05
 -3.8096652E-05 -3.3614706E-05 -3.7789971E-05 -3.3344102E-05 -3.7178994E-05
 -3.2805012E-05 -3.6268804E-05 -3.2001903E-05 -3.5066234E-05 -3.0940806E-05
 -3.3581462E-05 -2.9630715E-05 -3.1826708E-05 -2.8082399E-05 -2.9814941E-05
 -2.6307313E-05 -2.7564121E-05 -2.4321293E-05 -2.5090299E-05 -2.2138511E-05
 -2.2415525E-05 -1.9778414E-05 -1.9559167E-05 -1.7258095E-05 -1.6546437E-05
 -1.4599803E-05 -1.3399725E-05 -1.1823292E-05 -1.0145277E-05 -8.9517171E-06
 -6.8091572E-06 -6.0080824E-06 -3.4183720E-06 -3.0162116E-06  0.0000000E+00
  0.0000000E+00  3.4183720E-06  3.0162116E-06  6.8091572E-06  6.0080824E-06
  1.0145277E-05  8.9517171E-06  1.3399725E-05  1.1823292E-05  1.6546437E-05
  1.4599803E-05  1.9559167E-05  1.7258095E-05  2.2415525E-05  1.9778414E-05
  2.5090299E-05  2.2138511E-05  2.7564121E-05  2.4321293E-05  2.9814941E-05
  2.6307313E-05  3.1826708E-05  2.8082399E-05  3.3581462E-05  2.9630715E-05
  3.5066234E-05  3.0940806E-05  3.6268804E-05  3.2001903E-05  3.7178994E-05
  3.2805012E-05  3.7789971E-05  3.3344102E-05  3.8096652E-05  3.3614706E-05
  4.6593567E-07  3.2615435E-06  8.8526931E-06  1.7239367E-05  2.8421795E-05
  4.6217451E-07  3.2352075E-06  8.7814360E-06  1.7100800E-05  2.8193044E-05
  4.5470452E-07  3.1829518E-06  8.6394311E-06  1.6824226E-05  2.7737171E-05
  4.4358461E-07  3.1050433E-06  8.4278563E-06  1.6412210E-05  2.7058126E-05
  4.2886887E-07  3.0021240E-06  8.1485832E-06  1.5868176E-05  2.6161037E-05
  4.1071212E-07  2.8749848E-06  7.8034900E-06  1.5196192E-05  2.5053247E-05
  3.8923861E-07  2.7247090E-06  7.3957244E-06  1.4402151E-05  2.3744095E-05
  3.6465119E-07  2.5524948E-06  6.9282373E-06  1.3491972E-05  2.2243483E-05
  3.3711095E-07  2.3597904E-06  6.4051806E-06  1.2473120E-05  2.0563817E-05
  3.0687005E-07  2.1480585E-06  5.8304463E-06  1.1354040E-05  1.8718609E-05
  2.7413779E-07  1.9190145E-06  5.2087203E-06  1.0143317E-05  1.6722792E-05
  2.3921791E-07  1.6745146E-06  4.5451152E-06  8.8510051E-06  1.4592101E-05
  2.0236406E-07  1.4165317E-06  3.8448720E-06  7.4874924E-06  1.2344282E-05
  1.6388063E-07  1.1471845E-06  3.1137840E-06  6.0636289E-06  9.9967756E-06
  1.2407955E-07  8.6855670E-07  2.3575208E-06  4.5909474E-06  7.5688586E-06
  8.3278579E-08  5.8294620E-07  1.5822965E-06  3.0813424E-06  5.0800181E-06
  4.1807166E-08  2.9265743E-07  7.9435415E-07  1.5468873E-06  2.5502795E-06
  0.0000000E+00  4.8914933E-15  0.0000000E+00  1.1413774E-14  1.4674770E-14
 -4.1807166E-08 -2.9265743E-07 -7.9435409E-07 -1.5468872E-06 -2.5502798E-06
 -8.3278579E-08 -5.8294620E-07 -1.5822965E-06 -3.0813424E-06 -5.0800181E-06
 -1.2407953E-07 -8.6855670E-07 -2.3575208E-06 -4.5909474E-06 -7.5688595E-06
 -1.6388063E-07 -1.1471845E-06 -3.1137840E-06 -6.0636289E-06 -9.9967747E-06
 -2.0236406E-07 -1.4165317E-06 -3.8448725E-06 -7.4874924E-06 -1.2344284E-05
 -2.3921791E-07 -1.6745146E-06 -4.5451147E-06 -8.8510042E-06 -1.4592099E-05
 -2.7413779E-07 -1.9190147E-06 -5.2087207E-06 -1.0143317E-05 -1.6722792E-05
 -3.0687005E-07 -2.1480582E-06 -5.8304463E-06 -1.1354040E-05 -1.8718609E-05
 -3.3711095E-07 -2.3597904E-06 -6.4051806E-06 -1.2473122E-05 -2.0563817E-05
 -3.6465116E-07 -2.5524948E-06 -6.9282369E-06 -1.3491973E-05 -2.2243483E-05
 -3.8923861E-07 -2.7247086E-06 -7.3957249E-06 -1.4402148E-05 -2.3744096E-05
 -4.1071212E-07 -2.8749848E-06 -7.8034900E-06 -1.5196194E-05 -2.5053245E-05
 -4.2886884E-07 -3.0021238E-06 -8.1485823E-06 -1.5868174E-05 -2.6161038E-05
 -4.4358461E-07 -3.1050436E-06 -8.4278563E-06 -1.6412210E-05 -2.7058126E-05
 -4.5470455E-07 -3.1829516E-06 -8.6394330E-06 -1.6824226E-05 -2.7737171E-05
 -4.6217448E-07 -3.2352075E-06 -8.7814378E-06 -1.7100800E-05 -2.8193046E-05
 -4.6593567E-07 -3.2615430E-06 -8.8526931E-06 -1.7239367E-05 -2.8421793E-05
 -3.5295438E-05 -2.5211024E-05 -3.5011304E-05 -2.5008072E-05 -3.4445249E-05
 -2.4603751E-05 -3.3601988E-05 -2.4001420E-05 -3.2487835E-05 -2.3205599E-05
 -3.1112246E-05 -2.2223030E-05 -2.9486511E-05 -2.1061795E-05 -2.7622673E-05
 -1.9730480E-05 -2.5537349E-05 -1.8240964E-05 -2.3245428E-05 -1.6603877E-05
 -2.0767326E-05 -1.4833805E-05 -1.8120996E-05 -1.2943568E-05 -1.5329788E-05
 -1.0949849E-05 -1.2414452E-05 -8.8674660E-06 -9.3993012E-06 -6.7137867E-06
 -6.3084844E-06 -4.5060606E-06 -3.1670215E-06 -2.2621580E-06  0.0000000E+00
  0.0000000E+00  3.1670215E-06  2.2621580E-06  6.3084844E-06  4.5060606E-06
  9.3993012E-06  6.7137867E-06  1.2414452E-05  8.8674660E-06  1.5329788E-05
  1.0949849E-05  1.8120996E-05  1.2943568E-05  2.0767326E-05  1.4833805E-05
  2.3245428E-05  1.6603877E-05  2.5537349E-05  1.8240964E-05  2.7622673E-05
  1.9730480E-05  2.9486511E-05  2.1061795E-05  3.1112246E-05  2.2223030E-05
  3.2487835E-05  2.3205599E-05  3.3601988E-05  2.4001420E-05  3.4445249E-05
  2.4603751E-05  3.5011304E-05  2.5008072E-05  3.5295438E-05  2.5211024E-05
 -2.9132738E-05 -2.8898217E-05 -2.8431004E-05 -2.7734974E-05 -2.6815360E-05
 -2.5679947E-05 -2.4338073E-05 -2.2799662E-05 -2.1078449E-05 -1.9186702E-05
 -1.7141287E-05 -1.4957013E-05 -1.2653160E-05 -1.0246849E-05 -7.7581535E-06
 -5.2070031E-06 -2.6140494E-06  0.0000000E+00  2.6140494E-06  5.2070031E-06
  7.7581535E-06  1.0246849E-05  1.2653160E-05  1.4957013E-05  1.7141287E-05
  1.9186702E-05  2.1078449E-05  2.2799662E-05  2.4338073E-05  2.5679947E-05
  2.6815360E-05  2.7734974E-05  2.8431004E-05  2.8898217E-05  2.9132738E-05
 -3.8096652E-05 -3.3614706E-05 -3.7789971E-05 -3.3344102E-05 -3.7178994E-05
 -3.2805012E-05 -3.6268804E-05 -3.2001903E-05 -3.5066234E-05 -3.0940806E-05
 -3.3581462E-05 -2.9630715E-05 -3.1826708E-05 -2.8082399E-05 -2.9814941E-05
 -2.6307313E-05 -2.7564121E-05 -2.4321293E-05 -2.5090299E-05 -2.2138511E-05
 -2.2415525E-05 -1.9778414E-05 -1.9559167E-05 -1.7258095E-05 -1.6546437E-05
 -1.4599803E-05 -1.3399725E-05 -1.1823292E-05 -1.0145277E-05 -8.9517171E-06
 -6.8091572E-06 -6.0080824E-06 -3.4183720E-06 -3.0162116E-06  0.0000000E+00
  0.0000000E+00  3.4183720E-06  3.0162116E-06  6.8091572E-06  6.0080824E-06
  1.0145277E-05  8.9517171E-06  1.3399725E-05  1.1823292E-05  1.6546437E-05
  1.4599803E-05  1.9559167E-05  1.7258095E-05  2.2415525E-05  1.9778414E-05
  2.5090299E-05  2.2138511E-05  2.7564121E-05  2.4321293E-05  2.9814941E-05
  2.6307313E-05  3.1826708E-05  2.8082399E-05  3.3581462E-05  2.9630715E-05
  3.5066234E-05  3.0940806E-05  3.6268804E-05  3.2001903E-05  3.7178994E-05
  3.2805012E-05  3.7789971E-05  3.3344102E-05  3.8096652E-05  3.3614706E-05
  4.6593567E-07  3.2615435E-06  8.8526931E-06  1.7239367E-05  2.8421795E-05
  4.6217451E-07  3.2352075E-06  8.7814360E-06  1.7100800E-05  2.8193044E-05
  4.5470452E-07  3.1829518E-06  8.6394311E-06  1.6824226E-05  2.7737171E-05
  4.4358461E-07  3.1050433E-06  8.4278563E-06  1.6412210E-05  2.7058126E-05
  4.2886887E-07  3.0021240E-06  8.1485832E-06  1.5868176E-05  2.6161037E-05
  4.1071212E-07  2.8749848E-06  7.8034900E-06  1.5196192E-05  2.5053247E-05
  3.8923861E-07  2.7247090E-06  7.3957244E-06  1.4402151E-05  2.3744095E-05
  3.6465119E-07  2.5524948E-06  6.9282373E-06  1.3491972E-05  2.2243483E-05
  3.3711095E-07  2.3597904E-06  6.4051806E-06  1.2473120E-05  2.0563817E-05
  3.0687005E-07  2.1480585E-06  5.8304463E-06  1.1354040E-05  1.8718609E-05
  2.7413779E-07  1.9190145E-06  5.2087203E-06  1.0143317E-05  1.6722792E-05
  2.3921791E-07  1.6745146E-06  4.5451152E-06  8.8510051E-06  1.4592101E-05
  2.0236406E-07  1.4165317E-06  3.8448720E-06  7.4874924E-06  1.2344282E-05
  1.6388063E-07  1.1471845E-06  3.1137840E-06  6.0636289E-06  9.9967756E-06
  1.2407955E-07  8.6855670E-07  2.3575208E-06  4.5909474E-06  7.5688586E-06
  8.3278579E-08  5.8294620E-07  1.5822965E-06  3.0813424E-06  5.0800181E-06
  4.1807166E-08  2.9265743E-07  7.9435415E-07  1.5468873E-06  2.5502795E-06
  0.0000000E+00  4.8914933E-15  0.0000000E+00  1.1413774E-14  1.4674770E-14
 -4.1807166E-08 -2.9265743E-07 -7.9435409E-07 -1.5468872E-06 -2.5502798E-06
 -8.3278579E-08 -5.8294620E-07 -1.5822965E-06 -3.0813424E-06 -5.0800181E-06
 -1.2407953E-07 -8.6855670E-07 -2.3575208E-06 -4.5909474E-06 -7.5688595E-06
 -1.6388063E-07 -1.1471845E-06 -3.1137840E-06 -6.0636289E-06 -9.9967747E-06
 -2.0236406E-07 -1.4165317E-06 -3.8448725E-06 -7.4874924E-06 -1.2344284E-05
 -2.3921791E-07 -1.6745146E-06 -4.5451147E-06 -8.8510042E-06 -1.4592099E-05
 -2.7413779E-07 -1.9190147E-06 -5.2087207E-06 -1.0143317E-05 -1.6722792E-05
 -3.0687005E-07 -2.1480582E-06 -5.8304463E-06 -1.1354040E-05 -1.8718609E-05
 -3.3711095E-07 -2.3597904E-06 -6.4051806E-06 -1.2473122E-05 -2.0563817E-05
 -3.6465116E-07 -2.5524948E-06 -6.9282369E-06 -1.3491973E-05 -2.2243483E-05
 -3.8923861E-07 -2.7247086E-06 -7.3957249E-06 -1.4402148E-05 -2.3744096E-05
 -4.1071212E-07 -2.8749848E-06 -7.8034900E-06 -1.5196194E-05 -2.5053245E-05
 -4.2886884E-07 -3.0021238E-06 -8.1485823E-06 -1.5868174E-05 -2.6161038E-05
 -4.4358461E-07 -3.1050436E-06 -8.4278563E-06 -1.6412210E-05 -2.7058126E-05
 -4.5470455E-07 -3.1829516E-06 -8.6394330E-06 -1.6824226E-05 -2.7737171E-05
 -4.6217448E-07 -3.2352075E-06 -8.7814378E-06 -1.7100800E-05 -2.8193046E-05
 -4.6593567E-07 -3.2615430E-06 -8.8526931E-06 -1.7239367E-05 -2.8421793E-05
 -5.5311009E-11 -5.5311009E-11  6.9569767E-11  6.9569767E-11 -1.6922365E-10
 -1.6922365E-10 -4.6380035E-11 -4.6380035E-11  1.8050537E-10  1.8050537E-10
  2.8830603E-11  2.8830603E-11 -4.2619509E-11 -4.2619509E-11  2.2437698E-10
  2.2437698E-10 -2.1936512E-10 -2.1936512E-10  1.8301137E-10  1.8301137E-10
 -2.6073088E-10 -2.6073088E-10  2.1184157E-10  2.1184157E-10 -1.6295718E-10
 -1.6295718E-10 -3.0084206E-11 -3.0084206E-11  5.0140295E-11  5.0140295E-11
  1.0466739E-10  1.0466739E-10  5.7034873E-11  5.7034873E-11  0.0000000E+00
  0.0000000E+00 -5.7348251E-11 -5.7348251E-11 -1.0404064E-10 -1.0404064E-10
 -5.0140295E-11 -5.0140295E-11  3.0084206E-11  3.0084206E-11  1.6295718E-10
  1.6295718E-10 -2.1184157E-10 -2.1184157E-10  2.5947738E-10  2.5947738E-10
 -1.8301137E-10 -1.8301137E-10  2.1811161E-10  2.1811161E-10 -2.2186997E-10
 -2.2186997E-10  4.2619509E-11  4.2619509E-11 -2.7577099E-11 -2.7577099E-11
 -1.8050537E-10 -1.8050537E-10  4.7633550E-11  4.7633550E-11  1.6922365E-10
  1.6922365E-10 -6.9569767E-11 -6.9569767E-11  5.5311009E-11  5.5311009E-11
 -3.6560626E-11  4.6379844E-11 -1.1281577E-10 -3.1755695E-11  1.2033692E-10
  1.9220401E-11 -2.7577331E-11  1.5292731E-10 -1.4791478E-10  1.2284325E-10
 -1.7298492E-10  1.4122772E-10 -1.0863812E-10 -1.7549122E-11  3.3426865E-11
  6.9360434E-11  3.7814332E-11  0.0000000E+00 -3.8023251E-11 -6.8524762E-11
 -3.3426865E-11  1.7549122E-11  1.0863812E-10 -1.4122772E-10  1.7214924E-10
 -1.2284325E-10  1.4624342E-10 -1.5125598E-10  2.7577331E-11 -1.8384731E-11
 -1.2033692E-10  3.1755695E-11  1.1281577E-10 -4.6379844E-11  3.6560626E-11
 -3.6560623E-11 -3.6560636E-11  4.6379837E-11  4.5962019E-11 -1.1198007E-10
 -1.1239795E-10 -3.0920017E-11 -3.1755702E-11  1.2033689E-10  1.2117261E-10
  2.0056066E-11  1.8384736E-11 -2.5905972E-11 -2.7577336E-11  1.4958461E-10
  1.4958468E-10 -1.4624339E-10 -1.4624345E-10  1.2200756E-10  1.2284326E-10
 -1.7214921E-10 -1.7465630E-10  1.4039203E-10  1.4122774E-10 -1.0947378E-10
 -1.0947381E-10 -1.8384790E-11 -1.8384795E-11  3.4262530E-11  3.4262541E-11
  6.9778253E-11  6.9778280E-11  3.7814321E-11  3.8023255E-11  0.0000000E+00
  0.0000000E+00 -3.8023241E-11 -3.8232174E-11 -6.9360420E-11 -6.9778280E-11
 -3.4262530E-11 -3.4262541E-11  1.8384790E-11  1.8384795E-11  1.0947378E-10
  1.0947381E-10 -1.4039203E-10 -1.4122774E-10  1.7214921E-10  1.7382062E-10
 -1.2200756E-10 -1.2284326E-10  1.4540771E-10  1.4624345E-10 -1.4791328E-10
 -1.4791333E-10  2.7577326E-11  2.7577336E-11 -1.9220396E-11 -1.7549066E-11
 -1.2033689E-10 -1.2117261E-10  3.0920017E-11  3.1755702E-11  1.1198007E-10
  1.1239795E-10 -4.6379837E-11 -4.5962019E-11  3.6560623E-11  3.6560636E-11
  0.0000000E+00  0.0000000E+00  0.0000000E+00  0.0000000E+00  0.0000000E+00
  0.0000000E+00  0.0000000E+00  0.0000000E+00  0.0000000E+00  0.0000000E+00
  0.0000000E+00  0.0000000E+00  0.0000000E+00  0.0000000E+00  0.0000000E+00
  0.0000000E+00  0.0000000E+00  0.0000000E+00  0.0000000E+00  0.0000000E+00
  0.0000000E+00  0.0000000E+00  0.0000000E+00  0.0000000E+00  0.0000000E+00
  0.0000000E+00  0.0000000E+00  0.0000000E+00  0.0000000E+00  0.0000000E+00
  0.0000000E+00  0.0000000E+00  0.0000000E+00  0.0000000E+00  0.0000000E+00
  0.0000000E+00  0.0000000E+00  0.0000000E+00  0.0000000E+00  0.0000000E+00
  0.0000000E+00  0.0000000E+00  0.0000000E+00  0.0000000E+00  0.0000000E+00
  0.0000000E+00  0.0000000E+00  0.0000000E+00  0.0000000E+00  0.0000000E+00
  0.0000000E+00  0.0000000E+00  0.0000000E+00  0.0000000E+00  0.0000000E+00
  0.0000000E+00  0.0000000E+00  0.0000000E+00  0.0000000E+00  0.0000000E+00
  0.0000000E+00  0.0000000E+00  0.0000000E+00  0.0000000E+00  0.0000000E+00
  0.0000000E+00  0.0000000E+00  0.0000000E+00  0.0000000E+00  0.0000000E+00
  0.0000000E+00  0.0000000E+00  0.0000000E+00  0.0000000E+00  0.0000000E+00
  0.0000000E+00  0.0000000E+00  0.0000000E+00  0.0000000E+00  0.0000000E+00
  0.0000000E+00  0.0000000E+00  0.0000000E+00  0.0000000E+00  0.0000000E+00
  0.0000000E+00  0.0000000E+00  0.0000000E+00  0.0000000E+00  0.0000000E+00
  0.0000000E+00  0.0000000E+00  0.0000000E+00  0.0000000E+00  0.0000000E+00
  0.0000000E+00  0.0000000E+00  0.0000000E+00  0.0000000E+00  0.0000000E+00
  0.0000000E+00  0.0000000E+00  0.0000000E+00  0.0000000E+00  0.0000000E+00
  0.0000000E+00  0.0000000E+00  0.0000000E+00  0.0000000E+00  0.0000000E+00
  0.0000000E+00  0.0000000E+00  0.0000000E+00  0.0000000E+00  0.0000000E+00
  0.0000000E+00  0.0000000E+00  0.0000000E+00  0.0000000E+00  0.0000000E+00
  0.0000000E+00  0.0000000E+00  0.0000000E+00  0.0000000E+00  0.0000000E+00
  0.0000000E+00  0.0000000E+00  0.0000000E+00  0.0000000E+00  0.0000000E+00
  0.0000000E+00  0.0000000E+00  0.0000000E+00  0.0000000E+00  0.0000000E+00
  0.0000000E+00  0.0000000E+00  0.0000000E+00  0.0000000E+00  0.0000000E+00
  0.0000000E+00  0.0000000E+00  0.0000000E+00  0.0000000E+00  0.0000000E+00
  0.0000000E+00  0.0000000E+00  0.0000000E+00  0.0000000E+00  0.0000000E+00
  0.0000000E+00  0.0000000E+00  0.0000000E+00  0.0000000E+00  0.0000000E+00
  0.0000000E+00  0.0000000E+00  0.0000000E+00  0.0000000E+00  0.0000000E+00
  0.0000000E+00  0.0000000E+00  0.0000000E+00  0.0000000E+00  0.0000000E+00
  0.0000000E+00  0.0000000E+00  0.0000000E+00  0.0000000E+00  0.0000000E+00
  0.0000000E+00  0.0000000E+00  0.0000000E+00  0.0000000E+00  0.0000000E+00
  5.5311009E-11  5.5311009E-11 -6.9569767E-11 -6.9569767E-11  1.6922365E-10
  1.6922365E-10  4.6380035E-11  4.6380035E-11 -1.8050537E-10 -1.8050537E-10
 -2.8830603E-11 -2.8830603E-11  4.2619509E-11  4.2619509E-11 -2.2437698E-10
 -2.2437698E-10  2.1936512E-10  2.1936512E-10 -1.8301137E-10 -1.8301137E-10
  2.6073088E-10  2.6073088E-10 -2.1184157E-10 -2.1184157E-10  1.6295718E-10
  1.6295718E-10  3.0084206E-11  3.0084206E-11 -5.0140295E-11 -5.0140295E-11
 -1.0466739E-10 -1.0466739E-10 -5.7034873E-11 -5.7034873E-11  0.0000000E+00
  0.0000000E+00  5.7348251E-11  5.7348251E-11  1.0404064E-10  1.0404064E-10
  5.0140295E-11  5.0140295E-11 -3.0084206E-11 -3.0084206E-11 -1.6295718E-10
 -1.6295718E-10  2.1184157E-10  2.1184157E-10 -2.5947738E-10 -2.5947738E-10
  1.8301137E-10  1.8301137E-10 -2.1811161E-10 -2.1811161E-10  2.2186997E-10
  2.2186997E-10 -4.2619509E-11 -4.2619509E-11  2.7577099E-11  2.7577099E-11
  1.8050537E-10  1.8050537E-10 -4.7633550E-11 -4.7633550E-11 -1.6922365E-10
 -1.6922365E-10  6.9569767E-11  6.9569767E-11 -5.5311009E-11 -5.5311009E-11
  3.6560626E-11 -4.6379844E-11  1.1281577E-10  3.1755695E-11 -1.2033692E-10
 -1.9220401E-11  2.7577331E-11 -1.5292731E-10  1.4791478E-10 -1.2284325E-10
  1.7298492E-10 -1.4122772E-10  1.0863812E-10  1.7549122E-11 -3.3426865E-11
 -6.9360434E-11 -3.7814332E-11  0.0000000E+00  3.8023251E-11  6.8524762E-11
  3.3426865E-11 -1.7549122E-11 -1.0863812E-10  1.4122772E-10 -1.7214924E-10
  1.2284325E-10 -1.4624342E-10  1.5125598E-10 -2.7577331E-11  1.8384731E-11
  1.2033692E-10 -3.1755695E-11 -1.1281577E-10  4.6379844E-11 -3.6560626E-11
  3.6560623E-11  3.6560636E-11 -4.6379837E-11 -4.5962019E-11  1.1198007E-10
  1.1239795E-10  3.0920017E-11  3.1755702E-11 -1.2033689E-10 -1.2117261E-10
 -2.0056066E-11 -1.8384736E-11  2.5905972E-11  2.7577336E-11 -1.4958461E-10
 -1.4958468E-10  1.4624339E-10  1.4624345E-10 -1.2200756E-10 -1.2284326E-10
  1.7214921E-10  1.7465630E-10 -1.4039203E-10 -1.4122774E-10  1.0947378E-10
  1.0947381E-10  1.8384790E-11  1.8384795E-11 -3.4262530E-11 -3.4262541E-11
 -6.9778253E-11 -6.9778280E-11 -3.7814321E-11 -3.8023255E-11  0.0000000E+00
  0.0000000E+00  3.8023241E-11  3.8232174E-11  6.9360420E-11  6.9778280E-11
  3.4262530E-11  3.4262541E-11 -1.8384790E-11 -1.8384795E-11 -1.0947378E-10
 -1.0947381E-10  1.4039203E-10  1.4122774E-10 -1.7214921E-10 -1.7382062E-10
  1.2200756E-10  1.2284326E-10 -1.4540771E-10 -1.4624345E-10  1.4791328E-10
  1.4791333E-10 -2.7577326E-11 -2.7577336E-11  1.9220396E-11  1.7549066E-11
  1.2033689E-10  1.2117261E-10 -3.0920017E-11 -3.1755702E-11 -1.1198007E-10
 -1.1239795E-10  4.6379837E-11  4.5962019E-11 -3.6560623E-11 -3.6560636E-11
  0.0000000E+00  0.0000000E+00  0.0000000E+00  0.0000000E+00  0.0000000E+00
  0.0000000E+00  0.0000000E+00  0.0000000E+00  0.0000000E+00  0.0000000E+00
  0.0000000E+00  0.0000000E+00  0.0000000E+00  0.0000000E+00  0.0000000E+00
  0.0000000E+00  0.0000000E+00  0.0000000E+00  0.0000000E+00  0.0000000E+00
  0.0000000E+00  0.0000000E+00  0.0000000E+00  0.0000000E+00  0.0000000E+00
  0.0000000E+00  0.0000000E+00  0.0000000E+00  0.0000000E+00  0.0000000E+00
  0.0000000E+00  0.0000000E+00  0.0000000E+00  0.0000000E+00  0.0000000E+00
  0.0000000E+00  0.0000000E+00  0.0000000E+00  0.0000000E+00  0.0000000E+00
  0.0000000E+00  0.0000000E+00  0.0000000E+00  0.0000000E+00  0.0000000E+00
  0.0000000E+00  0.0000000E+00  0.0000000E+00  0.0000000E+00  0.0000000E+00
  0.0000000E+00  0.0000000E+00  0.0000000E+00  0.0000000E+00  0.0000000E+00
  0.0000000E+00  0.0000000E+00  0.0000000E+00  0.0000000E+00  0.0000000E+00
  0.0000000E+00  0.0000000E+00  0.0000000E+00  0.0000000E+00  0.0000000E+00
  0.0000000E+00  0.0000000E+00  0.0000000E+00  0.0000000E+00  0.0000000E+00
  0.0000000E+00  0.0000000E+00  0.0000000E+00  0.0000000E+00  0.0000000E+00
  0.0000000E+00  0.0000000E+00  0.0000000E+00  0.0000000E+00  0.0000000E+00
  0.0000000E+00  0.0000000E+00  0.0000000E+00  0.0000000E+00  0.0000000E+00
  0.0000000E+00  0.0000000E+00  0.0000000E+00  0.0000000E+00  0.0000000E+00
  0.0000000E+00  0.0000000E+00  0.0000000E+00  0.0000000E+00  0.0000000E+00
  0.0000000E+00  0.0000000E+00  0.0000000E+00  0.0000000E+00  0.0000000E+00
  0.0000000E+00  0.0000000E+00  0.0000000E+00  0.0000000E+00  0.0000000E+00
  0.0000000E+00  0.0000000E+00  0.0000000E+00  0.0000000E+00  0.0000000E+00
  0.0000000E+00  0.0000000E+00  0.0000000E+00  0.0000000E+00  0.0000000E+00
  0.0000000E+00  0.0000000E+00  0.0000000E+00  0.0000000E+00  0.0000000E+00
  0.0000000E+00  0.0000000E+00  0.0000000E+00  0.0000000E+00  0.0000000E+00
  0.0000000E+00  0.0000000E+00  0.0000000E+00  0.0000000E+00  0.0000000E+00
  0.0000000E+00  0.0000000E+00  0.0000000E+00  0.0000000E+00  0.0000000E+00
  0.0000000E+00  0.0000000E+00  0.0000000E+00  0.0000000E+00  0.0000000E+00
  0.0000000E+00  0.0000000E+00  0.0000000E+00  0.0000000E+00  0.0000000E+00
  0.0000000E+00  0.0000000E+00  0.0000000E+00  0.0000000E+00  0.0000000E+00
  0.0000000E+00  0.0000000E+00  0.0000000E+00  0.0000000E+00  0.0000000E+00
  0.0000000E+00  0.0000000E+00  0.0000000E+00  0.0000000E+00  0.0000000E+00
  0.0000000E+00  0.0000000E+00  0.0000000E+00  0.0000000E+00  0.0000000E+00
  0.0000000E+00  0.0000000E+00  0.0000000E+00  0.0000000E+00  0.0000000E+00
  0.0000000E+00  0.0000000E+00  0.0000000E+00  0.0000000E+00  0.0000000E+00
