Nb de periode :    21
 3.0000
 -0.174317E+00  0.541149E-10  0.293475E-03 -0.145519E-08  0.113937E+00  0.659195E-16
  0.129603E-09 -0.174302E+00 -0.191503E-06 -0.113924E+00 -0.110595E-08 -0.606519E-10
 -0.218546E-02 -0.265685E-03  0.154545E+04  0.114471E-03  0.830078E-02  0.228795E-11
 -0.683940E-09  0.327984E+00 -0.258966E-06  0.213798E+00  0.168802E-08  0.108635E-09
 -0.327821E+00  0.363798E-11 -0.170829E-02 -0.419095E-08  0.213401E+00 -0.133227E-14
 -0.542948E-18 -0.108467E-09  0.122081E-15 -0.708656E-10 -0.258176E-17 -0.299974E-19
 3.1000
 -0.227645E+00 -0.157706E-08 -0.230908E-03  0.307045E-08  0.150516E+00 -0.693889E-15
  0.946784E-09 -0.227638E+00  0.844593E-07 -0.150521E+00  0.186265E-08 -0.797711E-10
 -0.304297E-02  0.919215E-04  0.146547E+04  0.174701E-03 -0.105679E-01 -0.373035E-12
 -0.214823E-08  0.441426E+00 -0.635919E-06  0.293442E+00 -0.227010E-08  0.153180E-09
 -0.441489E+00  0.643377E-08 -0.332793E-02  0.121654E-07  0.293123E+00  0.818789E-15
 -0.176183E-18 -0.141786E-09  0.313063E-16 -0.937588E-10 -0.178893E-17 -0.379507E-19
 3.2000
 -0.303504E+00 -0.550563E-08  0.650518E-03  0.510772E-08  0.202669E+00  0.444089E-15
  0.274849E-08 -0.303505E+00  0.272994E-06 -0.202668E+00 -0.445289E-08 -0.107030E-09
  0.946133E-02 -0.115884E-03  0.139733E+04  0.301376E-04 -0.108004E-02  0.244071E-11
 -0.372620E-08  0.575158E+00 -0.234286E-06  0.386478E+00  0.983709E-08  0.199040E-09
 -0.575195E+00  0.832733E-08 -0.101118E-01 -0.547152E-08  0.386496E+00 -0.235922E-15
  0.562176E-17 -0.188399E-09  0.222749E-15 -0.125813E-09  0.173472E-17 -0.590218E-19
 3.3000
 -0.396725E+00 -0.170985E-09 -0.113621E-03  0.334694E-09  0.268206E+00 -0.157513E-14
 -0.206910E-08 -0.396720E+00  0.139291E-06 -0.268187E+00 -0.458385E-08 -0.141746E-09
 -0.608259E-02  0.122972E-03  0.132418E+04 -0.969395E-04 -0.360727E-02 -0.515143E-12
 -0.100044E-08  0.781195E+00  0.126497E-05  0.525946E+00 -0.733417E-08  0.278074E-09
 -0.781328E+00 -0.464024E-08  0.512574E-02  0.140280E-07  0.525733E+00  0.305311E-15
 -0.353001E-17 -0.246541E-09  0.210173E-15 -0.166495E-09  0.359142E-17 -0.990334E-19
 3.4000
 -0.513402E+00 -0.451018E-08  0.663474E-05 -0.515138E-08  0.348465E+00  0.589806E-15
 -0.930413E-09 -0.513359E+00  0.102271E-06 -0.348435E+00  0.151340E-08 -0.184162E-09
 -0.786467E-02  0.314726E-03  0.125633E+04  0.186674E-04 -0.189239E-02  0.143885E-12
  0.476211E-08  0.107563E+01 -0.450062E-06  0.729372E+00  0.360887E-08  0.397602E-09
 -0.107549E+01  0.280306E-08  0.529422E-02  0.279979E-07  0.729460E+00  0.122125E-14
  0.177919E-17 -0.319635E-09 -0.249638E-16 -0.216907E-09  0.723705E-17 -0.927722E-19
 3.5000
 -0.660056E+00 -0.505679E-08  0.215068E-03  0.413274E-08  0.449893E+00  0.160982E-14
 -0.141972E-08 -0.660055E+00  0.281725E-07 -0.449871E+00  0.389991E-08 -0.238500E-09
 -0.444810E-02  0.106640E-03  0.119919E+04 -0.247803E-03  0.392675E-03  0.749623E-12
 -0.128421E-07  0.138209E+01 -0.102259E-05  0.943821E+00  0.372529E-08  0.504812E-09
 -0.138173E+01 -0.218461E-07  0.261115E-02 -0.227010E-08  0.943643E+00  0.160982E-14
  0.241404E-17 -0.410126E-09 -0.897990E-15 -0.279638E-09  0.161411E-16 -0.137081E-18
 3.6000
 -0.850187E+00  0.234832E-08  0.120617E-03  0.960426E-09  0.584477E+00  0.527356E-15
 -0.754881E-09 -0.850236E+00 -0.140746E-06 -0.584489E+00  0.165892E-08 -0.309278E-09
  0.934860E-02 -0.123870E-03  0.115892E+04 -0.133406E-03 -0.117772E-01  0.238032E-12
 -0.985892E-09  0.172499E+01 -0.149547E-05  0.119266E+01 -0.555883E-07  0.633333E-09
 -0.172368E+01  0.154905E-07 -0.825112E-02 -0.123400E-07  0.119160E+01 -0.421885E-14
  0.487213E-17 -0.525218E-09 -0.197542E-15 -0.361414E-09 -0.411997E-17 -0.203727E-18
 3.7000
 -0.108489E+01  0.305590E-08  0.623297E-03  0.201690E-07  0.754850E+00  0.273392E-14
  0.135697E-08 -0.108490E+01 -0.124448E-06 -0.754832E+00 -0.532600E-08 -0.396963E-09
  0.145223E-01  0.590620E-04  0.110991E+04  0.127012E-03 -0.690901E-02  0.960121E-12
 -0.861473E-08  0.221464E+01  0.235462E-05  0.154384E+01  0.261934E-08  0.797285E-09
 -0.221388E+01 -0.984437E-08 -0.622787E-02 -0.129803E-07  0.154342E+01 -0.865974E-14
 -0.349909E-17 -0.669060E-09  0.826813E-15 -0.465407E-09  0.200306E-16 -0.205327E-18
 3.8000
 -0.138227E+01 -0.148975E-08 -0.696983E-04  0.150758E-07  0.969019E+00 -0.129063E-14
  0.225427E-07 -0.138235E+01  0.446453E-06 -0.969022E+00  0.878936E-08 -0.506883E-09
 -0.194901E-02 -0.264313E-04  0.108652E+04 -0.529271E-05  0.181985E-02  0.104894E-11
 -0.107648E-07  0.278515E+01  0.500400E-05  0.194326E+01 -0.214204E-07  0.102591E-08
 -0.278432E+01 -0.566797E-08  0.127218E-02  0.710133E-08  0.194181E+01  0.915934E-14
  0.144131E-16 -0.849422E-09  0.566387E-15 -0.595447E-09 -0.531259E-17 -0.336646E-18
 3.9000
 -0.174174E+01 -0.473301E-08  0.800528E-04  0.471482E-08  0.121841E+01  0.313638E-14
  0.491127E-09 -0.174187E+01 -0.240398E-06 -0.121844E+01  0.622822E-08 -0.643161E-09
  0.119862E-02 -0.104457E-03  0.105580E+04 -0.245256E-03  0.160158E-03  0.600409E-12
 -0.254768E-07  0.369212E+01  0.252156E-05  0.259142E+01  0.158325E-07  0.137681E-08
 -0.369081E+01  0.240798E-07  0.588208E-03 -0.401633E-07  0.259064E+01  0.777156E-15
  0.189879E-16 -0.107096E-08 -0.307913E-15 -0.749092E-09 -0.130104E-16 -0.577877E-18
 4.0000
 -0.219086E+01 -0.142354E-07  0.367984E-04 -0.168802E-08  0.153422E+01  0.000000E+00
  0.521686E-08 -0.219107E+01  0.164169E-05 -0.153428E+01  0.617001E-08 -0.811326E-09
 -0.571936E-03  0.148992E-03  0.104178E+04 -0.433289E-04 -0.104904E-03  0.468958E-12
  0.604923E-07  0.465615E+01 -0.334065E-05  0.327740E+01  0.543660E-07  0.174069E-08
 -0.465273E+01  0.698492E-09  0.345572E-02  0.966247E-08  0.327511E+01  0.555112E-15
  0.895314E-17 -0.134498E-08  0.586011E-15 -0.942093E-09  0.235814E-17 -0.475955E-18
 4.1000
 -0.271934E+01 -0.107866E-07  0.743885E-03  0.211294E-07  0.191641E+01 -0.369149E-14
 -0.131549E-07 -0.271941E+01  0.234204E-05 -0.191641E+01  0.995351E-08 -0.101206E-08
  0.131871E-02  0.247056E-03  0.103015E+04 -0.171781E-03 -0.767767E-03 -0.132339E-12
 -0.202344E-07  0.594837E+01 -0.246661E-05  0.417515E+01 -0.820728E-07  0.221710E-08
 -0.594754E+01 -0.131695E-08  0.773072E-02  0.378350E-07  0.417454E+01  0.126565E-13
 -0.150992E-16 -0.167094E-08 -0.468701E-15 -0.117655E-08 -0.348029E-16 -0.399010E-18
 4.2000
 -0.350222E+01 -0.360233E-07 -0.191182E-04 -0.161817E-07  0.248241E+01  0.702216E-14
  0.113469E-07 -0.350222E+01 -0.793021E-06 -0.248238E+01  0.124564E-07 -0.130981E-08
  0.326626E-02  0.394869E-04  0.100933E+04 -0.134557E-04 -0.281072E-02  0.450306E-12
 -0.580694E-07  0.798435E+01 -0.300026E-05  0.556849E+01 -0.845175E-07  0.298915E-08
 -0.798270E+01  0.289074E-07 -0.854108E-02 -0.768341E-07  0.556745E+01 -0.122125E-14
  0.166103E-16 -0.214724E-08 -0.543294E-15 -0.152066E-08 -0.183772E-16 -0.788204E-18
 4.3000
 -0.436844E+01 -0.377731E-07  0.390638E-03  0.686850E-08  0.308538E+01  0.327516E-14
  0.134569E-07 -0.436817E+01  0.111572E-05 -0.308518E+01  0.197906E-07 -0.164214E-08
 -0.258510E-02  0.737098E-06  0.100583E+04 -0.672601E-04  0.246334E-02  0.635575E-12
 -0.122804E-06  0.105126E+02  0.274274E-06  0.739183E+01  0.267755E-07  0.397237E-08
 -0.105144E+02  0.841101E-08  0.314093E-02 -0.103842E-06  0.739369E+01  0.466294E-14
 -0.313741E-17 -0.268238E-08 -0.198409E-14 -0.189356E-08 -0.110643E-15 -0.409027E-18
 4.4000
 -0.545187E+01 -0.109249E-07  0.411160E-04 -0.110595E-07  0.383441E+01  0.283107E-14
  0.103628E-06 -0.545196E+01 -0.560889E-06 -0.383442E+01 -0.419095E-07 -0.205918E-08
  0.805410E-02 -0.600069E-04  0.987260E+03 -0.170711E-03 -0.543332E-02 -0.251799E-12
 -0.875589E-07  0.128013E+02  0.251131E-05  0.897294E+01  0.537839E-07  0.489144E-08
 -0.127976E+02  0.440923E-08 -0.442564E-03  0.966247E-07  0.897075E+01  0.145439E-13
 -0.481250E-16 -0.332956E-08  0.142616E-14 -0.234185E-08 -0.130050E-15 -0.882212E-18
 4.5000
 -0.672914E+01 -0.191721E-07  0.670552E-07 -0.279397E-07  0.472086E+01  0.816014E-14
  0.731088E-07 -0.672946E+01 -0.489457E-05 -0.472112E+01  0.840519E-07 -0.254991E-08
 -0.176353E-01  0.853445E-04  0.982664E+03  0.663996E-04  0.906229E-02 -0.122080E-11
 -0.109983E-06  0.167061E+02  0.452762E-05  0.117414E+02  0.419095E-07  0.632517E-08
 -0.167020E+02  0.445536E-06  0.136021E-01  0.798609E-07  0.117400E+02 -0.299760E-14
  0.276268E-16 -0.410539E-08  0.117904E-14 -0.287984E-08 -0.827382E-17 -0.198788E-17
 4.6000
 -0.827341E+01 -0.831787E-07  0.734821E-03  0.826549E-08  0.580103E+01 -0.174860E-13
  0.650471E-07 -0.827368E+01 -0.146660E-05 -0.580112E+01  0.131549E-07 -0.314252E-08
  0.137211E-01 -0.666282E-04  0.976412E+03 -0.490248E-04 -0.106895E-01  0.854428E-12
 -0.148735E-06  0.210180E+02 -0.718888E-05  0.148118E+02  0.180444E-06  0.800195E-08
 -0.210154E+02  0.392174E-07 -0.332750E-02  0.199070E-06  0.148083E+02  0.510703E-14
  0.224125E-16 -0.502816E-08 -0.549756E-14 -0.352616E-08  0.838088E-16 -0.147550E-17
 4.7000
 -0.999765E+01 -0.111198E-06  0.614442E-03 -0.423752E-07  0.706120E+01  0.123235E-13
 -0.423170E-07 -0.999691E+01 -0.216509E-05 -0.706069E+01 -0.713626E-07 -0.381067E-08
  0.908333E-02  0.109932E-04  0.978969E+03  0.596046E-05 -0.653374E-02  0.640821E-12
  0.158281E-06  0.250384E+02 -0.148350E-04  0.176572E+02 -0.910368E-07  0.948661E-08
 -0.250458E+02  0.321990E-06  0.105793E-01 -0.509899E-07  0.176629E+02  0.222045E-14
 -0.839308E-16 -0.604398E-08 -0.613442E-14 -0.426772E-08 -0.139374E-15 -0.360203E-17
 4.8000
 -0.123625E+02  0.334330E-07  0.726514E-03  0.343425E-07  0.874078E+01  0.954792E-14
 -0.215732E-07 -0.123637E+02  0.586268E-06 -0.874143E+01  0.407454E-08 -0.472276E-08
 -0.764377E-02  0.278220E-04  0.994955E+03  0.142574E-03  0.489998E-02 -0.273115E-12
 -0.228873E-06  0.261316E+02 -0.509755E-04  0.184469E+02 -0.163913E-06  0.991917E-08
 -0.261240E+02  0.178217E-06  0.497530E-02  0.603031E-07  0.184423E+02  0.479616E-13
  0.331088E-16 -0.736538E-08 -0.302162E-14 -0.520803E-08  0.396005E-16 -0.398904E-17
 4.9000
 -0.150937E+02  0.178916E-07 -0.343487E-03  0.310829E-07  0.106219E+02  0.319744E-13
  0.141525E-06 -0.150949E+02 -0.403496E-06 -0.106224E+02 -0.104075E-06 -0.578699E-08
 -0.500674E-02 -0.947063E-04  0.100036E+04 -0.471100E-04  0.186622E-02 -0.150102E-12
  0.777363E-07  0.339377E+02  0.281180E-04  0.237791E+02  0.237720E-06  0.129383E-07
 -0.339325E+02 -0.282598E-07 -0.297198E-02 -0.617001E-07  0.237749E+02  0.444089E-14
 -0.305296E-16 -0.900631E-08 -0.305853E-14 -0.633514E-08  0.185832E-15 -0.579671E-17
 5.0000
 -0.185242E+02  0.305896E-06  0.916760E-03  0.172469E-06  0.129828E+02 -0.418554E-13
  0.121683E-06 -0.185238E+02  0.109102E-04 -0.129825E+02 -0.172295E-07 -0.713462E-08
  0.104406E-01 -0.220729E-04  0.100784E+04  0.141442E-03 -0.684810E-02  0.618172E-12
 -0.517903E-06  0.460158E+02 -0.392366E-05  0.323535E+02  0.221655E-06  0.176772E-07
 -0.460197E+02  0.249129E-07  0.109103E-02 -0.372529E-08  0.323545E+02  0.137224E-12
  0.459329E-16 -0.110638E-07 -0.566459E-14 -0.775229E-08  0.136996E-15 -0.550509E-17
