 
      1    980    350      1
    1  0.9979871E-01  0.4481950E-02 -0.9000000E-01  0.9989930E+00  0.4486821E-01  0.0000000E+00  0.5383761E-03
    1  0.9979871E-01  0.4481950E-02 -0.3000000E-01  0.9989930E+00  0.4486821E-01  0.0000000E+00  0.5383761E-03
    1  0.9899521E-01  0.1340980E-01 -0.9000000E-01  0.9909509E+00  0.1342251E+00  0.0000000E+00  0.5383799E-03
    1  0.9899521E-01  0.1340980E-01 -0.3000000E-01  0.9909509E+00  0.1342251E+00  0.0000000E+00  0.5383799E-03
    1  0.9739465E-01  0.2222970E-01 -0.9000000E-01  0.9749272E+00  0.2225241E+00  0.0000000E+00  0.5383787E-03
    1  0.9739465E-01  0.2222970E-01 -0.3000000E-01  0.9749272E+00  0.2225241E+00  0.0000000E+00  0.5383787E-03
    1  0.9500990E-01  0.3087060E-01 -0.9000000E-01  0.9510565E+00  0.3090171E+00  0.0000000E+00  0.5383781E-03
    1  0.9500990E-01  0.3087060E-01 -0.3000000E-01  0.9510565E+00  0.3090171E+00  0.0000000E+00  0.5383781E-03
    1  0.9186020E-01  0.3926295E-01 -0.9000000E-01  0.9195279E+00  0.3930245E+00  0.0000000E+00  0.5383784E-03
    1  0.9186020E-01  0.3926295E-01 -0.3000000E-01  0.9195279E+00  0.3930245E+00  0.0000000E+00  0.5383784E-03
    1  0.8797090E-01  0.4733915E-01 -0.9000000E-01  0.8805945E+00  0.4738706E+00  0.0000000E+00  0.5383750E-03
    1  0.8797090E-01  0.4733915E-01 -0.3000000E-01  0.8805945E+00  0.4738706E+00  0.0000000E+00  0.5383750E-03
    1  0.8337330E-01  0.5503420E-01 -0.9000000E-01  0.8345722E+00  0.5508985E+00  0.0000000E+00  0.5383786E-03
    1  0.8337330E-01  0.5503420E-01 -0.3000000E-01  0.8345722E+00  0.5508985E+00  0.0000000E+00  0.5383786E-03
    1  0.7810445E-01  0.6228620E-01 -0.9000000E-01  0.7818367E+00  0.6234831E+00  0.0000000E+00  0.5383786E-03
    1  0.7810445E-01  0.6228620E-01 -0.3000000E-01  0.7818367E+00  0.6234831E+00  0.0000000E+00  0.5383786E-03
    1  0.7220675E-01  0.6903671E-01 -0.9000000E-01  0.7227932E+00  0.6910644E+00  0.0000000E+00  0.5383777E-03
    1  0.7220675E-01  0.6903671E-01 -0.3000000E-01  0.7227932E+00  0.6910644E+00  0.0000000E+00  0.5383777E-03
    1  0.6572765E-01  0.7523134E-01 -0.9000000E-01  0.6579400E+00  0.7530704E+00  0.0000000E+00  0.5383803E-03
    1  0.6572765E-01  0.7523134E-01 -0.3000000E-01  0.6579400E+00  0.7530704E+00  0.0000000E+00  0.5383803E-03
    1  0.5871935E-01  0.8082025E-01 -0.9000000E-01  0.5877789E+00  0.8090216E+00  0.0000000E+00  0.5383761E-03
    1  0.5871935E-01  0.8082025E-01 -0.3000000E-01  0.5877789E+00  0.8090216E+00  0.0000000E+00  0.5383761E-03
    1  0.5123830E-01  0.8575845E-01 -0.9000000E-01  0.5129066E+00  0.8584445E+00  0.0000000E+00  0.5383785E-03
    1  0.5123830E-01  0.8575845E-01 -0.3000000E-01  0.5129066E+00  0.8584445E+00  0.0000000E+00  0.5383785E-03
    1  0.4334470E-01  0.9000620E-01 -0.9000000E-01  0.4338804E+00  0.9009705E+00  0.0000000E+00  0.5383793E-03
    1  0.4334470E-01  0.9000620E-01 -0.3000000E-01  0.4338804E+00  0.9009705E+00  0.0000000E+00  0.5383793E-03
    1  0.3510210E-01  0.9352920E-01 -0.9000000E-01  0.3513679E+00  0.9362375E+00  0.0000000E+00  0.5383763E-03
    1  0.3510210E-01  0.9352920E-01 -0.3000000E-01  0.3513679E+00  0.9362375E+00  0.0000000E+00  0.5383763E-03
    1  0.2657690E-01  0.9629920E-01 -0.9000000E-01  0.2660428E+00  0.9639612E+00  0.0000000E+00  0.5383785E-03
    1  0.2657690E-01  0.9629920E-01 -0.3000000E-01  0.2660428E+00  0.9639612E+00  0.0000000E+00  0.5383785E-03
    1  0.1783770E-01  0.9829390E-01 -0.9000000E-01  0.1785582E+00  0.9839294E+00  0.0000000E+00  0.5383801E-03
    1  0.1783770E-01  0.9829390E-01 -0.3000000E-01  0.1785582E+00  0.9839294E+00  0.0000000E+00  0.5383801E-03
    1  0.8954900E-02  0.9949715E-01 -0.9000000E-01  0.8963612E-01  0.9959746E+00  0.0000000E+00  0.5383752E-03
    1  0.8954900E-02  0.9949715E-01 -0.3000000E-01  0.8963612E-01  0.9959746E+00  0.0000000E+00  0.5383752E-03
    1  0.0000000E+00  0.9989931E-01 -0.9000000E-01  0.0000000E+00  0.1000000E+01  0.0000000E+00  0.5383799E-03
    1  0.0000000E+00  0.9989931E-01 -0.3000000E-01  0.0000000E+00  0.1000000E+01  0.0000000E+00  0.5383799E-03
    1 -0.8954900E-02  0.9949715E-01 -0.9000000E-01 -0.8963612E-01  0.9959746E+00  0.0000000E+00  0.5383752E-03
    1 -0.8954900E-02  0.9949715E-01 -0.3000000E-01 -0.8963612E-01  0.9959746E+00  0.0000000E+00  0.5383752E-03
    1 -0.1783770E-01  0.9829390E-01 -0.9000000E-01 -0.1785582E+00  0.9839294E+00  0.0000000E+00  0.5383801E-03
    1 -0.1783770E-01  0.9829390E-01 -0.3000000E-01 -0.1785582E+00  0.9839294E+00  0.0000000E+00  0.5383801E-03
    1 -0.2657690E-01  0.9629920E-01 -0.9000000E-01 -0.2660428E+00  0.9639612E+00  0.0000000E+00  0.5383785E-03
    1 -0.2657690E-01  0.9629920E-01 -0.3000000E-01 -0.2660428E+00  0.9639612E+00  0.0000000E+00  0.5383785E-03
    1 -0.3510210E-01  0.9352920E-01 -0.9000000E-01 -0.3513679E+00  0.9362375E+00  0.0000000E+00  0.5383763E-03
    1 -0.3510210E-01  0.9352920E-01 -0.3000000E-01 -0.3513679E+00  0.9362375E+00  0.0000000E+00  0.5383763E-03
    1 -0.4334470E-01  0.9000620E-01 -0.9000000E-01 -0.4338804E+00  0.9009705E+00  0.0000000E+00  0.5383793E-03
    1 -0.4334470E-01  0.9000620E-01 -0.3000000E-01 -0.4338804E+00  0.9009705E+00  0.0000000E+00  0.5383793E-03
    1 -0.5123830E-01  0.8575845E-01 -0.9000000E-01 -0.5129066E+00  0.8584445E+00  0.0000000E+00  0.5383785E-03
    1 -0.5123830E-01  0.8575845E-01 -0.3000000E-01 -0.5129066E+00  0.8584445E+00  0.0000000E+00  0.5383785E-03
    1 -0.5871935E-01  0.8082025E-01 -0.9000000E-01 -0.5877789E+00  0.8090216E+00  0.0000000E+00  0.5383761E-03
    1 -0.5871935E-01  0.8082025E-01 -0.3000000E-01 -0.5877789E+00  0.8090216E+00  0.0000000E+00  0.5383761E-03
    1 -0.6572765E-01  0.7523135E-01 -0.9000000E-01 -0.6579400E+00  0.7530704E+00  0.0000000E+00  0.5383803E-03
    1 -0.6572765E-01  0.7523135E-01 -0.3000000E-01 -0.6579400E+00  0.7530704E+00  0.0000000E+00  0.5383803E-03
    1 -0.7220675E-01  0.6903671E-01 -0.9000000E-01 -0.7227932E+00  0.6910644E+00  0.0000000E+00  0.5383777E-03
    1 -0.7220675E-01  0.6903671E-01 -0.3000000E-01 -0.7227932E+00  0.6910644E+00  0.0000000E+00  0.5383777E-03
    1 -0.7810445E-01  0.6228620E-01 -0.9000000E-01 -0.7818367E+00  0.6234831E+00  0.0000000E+00  0.5383786E-03
    1 -0.7810445E-01  0.6228620E-01 -0.3000000E-01 -0.7818367E+00  0.6234831E+00  0.0000000E+00  0.5383786E-03
    1 -0.8337329E-01  0.5503420E-01 -0.9000000E-01 -0.8345722E+00  0.5508985E+00  0.0000000E+00  0.5383786E-03
    1 -0.8337329E-01  0.5503420E-01 -0.3000000E-01 -0.8345722E+00  0.5508985E+00  0.0000000E+00  0.5383786E-03
    1 -0.8797090E-01  0.4733915E-01 -0.9000000E-01 -0.8805945E+00  0.4738706E+00  0.0000000E+00  0.5383750E-03
    1 -0.8797090E-01  0.4733915E-01 -0.3000000E-01 -0.8805945E+00  0.4738706E+00  0.0000000E+00  0.5383750E-03
    1 -0.9186020E-01  0.3926295E-01 -0.9000000E-01 -0.9195279E+00  0.3930245E+00  0.0000000E+00  0.5383784E-03
    1 -0.9186020E-01  0.3926295E-01 -0.3000000E-01 -0.9195279E+00  0.3930245E+00  0.0000000E+00  0.5383784E-03
    1 -0.9500989E-01  0.3087060E-01 -0.9000000E-01 -0.9510565E+00  0.3090171E+00  0.0000000E+00  0.5383781E-03
    1 -0.9500989E-01  0.3087060E-01 -0.3000000E-01 -0.9510565E+00  0.3090171E+00  0.0000000E+00  0.5383781E-03
    1 -0.9739465E-01  0.2222970E-01 -0.9000000E-01 -0.9749272E+00  0.2225241E+00  0.0000000E+00  0.5383787E-03
    1 -0.9739465E-01  0.2222970E-01 -0.3000000E-01 -0.9749272E+00  0.2225241E+00  0.0000000E+00  0.5383787E-03
    1 -0.9899521E-01  0.1340980E-01 -0.9000000E-01 -0.9909509E+00  0.1342251E+00  0.0000000E+00  0.5383799E-03
    1 -0.9899521E-01  0.1340980E-01 -0.3000000E-01 -0.9909509E+00  0.1342251E+00  0.0000000E+00  0.5383799E-03
    1 -0.9979871E-01  0.4481950E-02 -0.9000000E-01 -0.9989930E+00  0.4486821E-01  0.0000000E+00  0.5383761E-03
    1 -0.9979871E-01  0.4481950E-02 -0.3000000E-01 -0.9989930E+00  0.4486821E-01  0.0000000E+00  0.5383761E-03
    1  0.3904004E+00  0.1753289E-01 -0.1200000E+00  0.0000000E+00  0.0000000E+00  0.1000000E+01  0.4014741E-02
    1  0.2765027E+00  0.1241773E-01 -0.1200000E+00  0.0000000E+00  0.0000000E+00  0.1000000E+01  0.2822380E-02
    1  0.1643657E+00  0.7381658E-02 -0.1200000E+00  0.0000000E+00  0.0000000E+00  0.1000000E+01  0.1630018E-02
    1  0.3872571E+00  0.5245753E-01 -0.1200000E+00  0.0000000E+00  0.0000000E+00  0.1000000E+01  0.4014750E-02
    1  0.2742764E+00  0.3715326E-01 -0.1200000E+00  0.0000000E+00  0.0000000E+00  0.1000000E+01  0.2822389E-02
    1  0.1630423E+00  0.2208558E-01 -0.1200000E+00  0.0000000E+00  0.0000000E+00  0.1000000E+01  0.1630028E-02
    1  0.3809959E+00  0.8695981E-01 -0.1200000E+00  0.0000000E+00  0.0000000E+00  0.1000000E+01  0.4014742E-02
    1  0.2698419E+00  0.6158966E-01 -0.1200000E+00  0.0000000E+00  0.0000000E+00  0.1000000E+01  0.2822381E-02
    1  0.1604062E+00  0.3661168E-01 -0.1200000E+00  0.0000000E+00  0.0000000E+00  0.1000000E+01  0.1630018E-02
    1  0.3716671E+00  0.1207620E+00 -0.1200000E+00  0.0000000E+00  0.0000000E+00  0.1000000E+01  0.4014750E-02
    1  0.2632348E+00  0.8553018E-01 -0.1200000E+00  0.0000000E+00  0.0000000E+00  0.1000000E+01  0.2822387E-02
    1  0.1564786E+00  0.5084299E-01 -0.1200000E+00  0.0000000E+00  0.0000000E+00  0.1000000E+01  0.1630019E-02
    1  0.3593459E+00  0.1535918E+00 -0.1200000E+00  0.0000000E+00  0.0000000E+00  0.1000000E+01  0.4014738E-02
    1  0.2545082E+00  0.1087820E+00 -0.1200000E+00  0.0000000E+00  0.0000000E+00  0.1000000E+01  0.2822382E-02
    1  0.1512912E+00  0.6466495E-01 -0.1200000E+00  0.0000000E+00  0.0000000E+00  0.1000000E+01  0.1630021E-02
    1  0.3441314E+00  0.1851850E+00 -0.1200000E+00  0.0000000E+00  0.0000000E+00  0.1000000E+01  0.4014749E-02
    1  0.2437325E+00  0.1311580E+00 -0.1200000E+00  0.0000000E+00  0.0000000E+00  0.1000000E+01  0.2822387E-02
    1  0.1448856E+00  0.7796627E-01 -0.1200000E+00  0.0000000E+00  0.0000000E+00  0.1000000E+01  0.1630019E-02
    1  0.3261462E+00  0.2152872E+00 -0.1200000E+00  0.0000000E+00  0.0000000E+00  0.1000000E+01  0.4014742E-02
    1  0.2309943E+00  0.1524780E+00 -0.1200000E+00  0.0000000E+00  0.0000000E+00  0.1000000E+01  0.2822381E-02
    1  0.1373134E+00  0.9063980E-01 -0.1200000E+00  0.0000000E+00  0.0000000E+00  0.1000000E+01  0.1630019E-02
    1  0.3055350E+00  0.2436560E+00 -0.1200000E+00  0.0000000E+00  0.0000000E+00  0.1000000E+01  0.4014745E-02
    1  0.2163964E+00  0.1725704E+00 -0.1200000E+00  0.0000000E+00  0.0000000E+00  0.1000000E+01  0.2822383E-02
    1  0.1286358E+00  0.1025836E+00 -0.1200000E+00  0.0000000E+00  0.0000000E+00  0.1000000E+01  0.1630020E-02
    1  0.2824638E+00  0.2700630E+00 -0.1200000E+00  0.0000000E+00  0.0000000E+00  0.1000000E+01  0.4014755E-02
    1  0.2000562E+00  0.1912733E+00 -0.1200000E+00  0.0000000E+00  0.0000000E+00  0.1000000E+01  0.2822393E-02
    1  0.1189224E+00  0.1137014E+00 -0.1200000E+00  0.0000000E+00  0.0000000E+00  0.1000000E+01  0.1630026E-02
    1  0.2571184E+00  0.2942957E+00 -0.1200000E+00  0.0000000E+00  0.0000000E+00  0.1000000E+01  0.4014735E-02
    1  0.1821052E+00  0.2084362E+00 -0.1200000E+00  0.0000000E+00  0.0000000E+00  0.1000000E+01  0.2822377E-02
    1  0.1082516E+00  0.1239039E+00 -0.1200000E+00  0.0000000E+00  0.0000000E+00  0.1000000E+01  0.1630015E-02
    1  0.2297029E+00  0.3161590E+00 -0.1200000E+00  0.0000000E+00  0.0000000E+00  0.1000000E+01  0.4014748E-02
    1  0.1626880E+00  0.2239209E+00 -0.1200000E+00  0.0000000E+00  0.0000000E+00  0.1000000E+01  0.2822384E-02
    1  0.9670912E-01  0.1331086E+00 -0.1200000E+00  0.0000000E+00  0.0000000E+00  0.1000000E+01  0.1630023E-02
    1  0.2004379E+00  0.3354766E+00 -0.1200000E+00  0.0000000E+00  0.0000000E+00  0.1000000E+01  0.4014747E-02
    1  0.1419610E+00  0.2376026E+00 -0.1200000E+00  0.0000000E+00  0.0000000E+00  0.1000000E+01  0.2822387E-02
    1  0.8438806E-01  0.1412418E+00 -0.1200000E+00  0.0000000E+00  0.0000000E+00  0.1000000E+01  0.1630023E-02
    1  0.1695591E+00  0.3520931E+00 -0.1200000E+00  0.0000000E+00  0.0000000E+00  0.1000000E+01  0.4014743E-02
    1  0.1200910E+00  0.2493714E+00 -0.1200000E+00  0.0000000E+00  0.0000000E+00  0.1000000E+01  0.2822383E-02
    1  0.7138746E-01  0.1482376E+00 -0.1200000E+00  0.0000000E+00  0.0000000E+00  0.1000000E+01  0.1630024E-02
    1  0.1373151E+00  0.3658749E+00 -0.1200000E+00  0.0000000E+00  0.0000000E+00  0.1000000E+01  0.4014748E-02
    1  0.9725404E-01  0.2591324E+00 -0.1200000E+00  0.0000000E+00  0.0000000E+00  0.1000000E+01  0.2822383E-02
    1  0.5781220E-01  0.1540400E+00 -0.1200000E+00  0.0000000E+00  0.0000000E+00  0.1000000E+01  0.1630018E-02
    1  0.1039656E+00  0.3767108E+00 -0.1200000E+00  0.0000000E+00  0.0000000E+00  0.1000000E+01  0.4014743E-02
    1  0.7363406E-01  0.2668070E+00 -0.1200000E+00  0.0000000E+00  0.0000000E+00  0.1000000E+01  0.2822378E-02
    1  0.4377143E-01  0.1586021E+00 -0.1200000E+00  0.0000000E+00  0.0000000E+00  0.1000000E+01  0.1630023E-02
    1  0.6977894E-01  0.3845136E+00 -0.1200000E+00  0.0000000E+00  0.0000000E+00  0.1000000E+01  0.4014747E-02
    1  0.4942125E-01  0.2723334E+00 -0.1200000E+00  0.0000000E+00  0.0000000E+00  0.1000000E+01  0.2822386E-02
    1  0.2937821E-01  0.1618873E+00 -0.1200000E+00  0.0000000E+00  0.0000000E+00  0.1000000E+01  0.1630024E-02
    1  0.3503049E-01  0.3892207E+00 -0.1200000E+00  0.0000000E+00  0.0000000E+00  0.1000000E+01  0.4014745E-02
    1  0.2481050E-01  0.2756672E+00 -0.1200000E+00  0.0000000E+00  0.0000000E+00  0.1000000E+01  0.2822386E-02
    1  0.1474848E-01  0.1638691E+00 -0.1200000E+00  0.0000000E+00  0.0000000E+00  0.1000000E+01  0.1630018E-02
    1  0.0000000E+00  0.3907939E+00 -0.1200000E+00  0.0000000E+00  0.0000000E+00  0.1000000E+01  0.4014743E-02
    1  0.0000000E+00  0.2767814E+00 -0.1200000E+00  0.0000000E+00  0.0000000E+00  0.1000000E+01  0.2822384E-02
    1  0.0000000E+00  0.1645314E+00 -0.1200000E+00  0.0000000E+00  0.0000000E+00  0.1000000E+01  0.1630022E-02
    1 -0.3503048E-01  0.3892207E+00 -0.1200000E+00  0.0000000E+00  0.0000000E+00  0.1000000E+01  0.4014745E-02
    1 -0.2481050E-01  0.2756672E+00 -0.1200000E+00  0.0000000E+00  0.0000000E+00  0.1000000E+01  0.2822386E-02
    1 -0.1474848E-01  0.1638691E+00 -0.1200000E+00  0.0000000E+00  0.0000000E+00  0.1000000E+01  0.1630018E-02
    1 -0.6977894E-01  0.3845136E+00 -0.1200000E+00  0.0000000E+00  0.0000000E+00  0.1000000E+01  0.4014747E-02
    1 -0.4942125E-01  0.2723334E+00 -0.1200000E+00  0.0000000E+00  0.0000000E+00  0.1000000E+01  0.2822386E-02
    1 -0.2937821E-01  0.1618873E+00 -0.1200000E+00  0.0000000E+00  0.0000000E+00  0.1000000E+01  0.1630024E-02
    1 -0.1039656E+00  0.3767108E+00 -0.1200000E+00  0.0000000E+00  0.0000000E+00  0.1000000E+01  0.4014743E-02
    1 -0.7363407E-01  0.2668069E+00 -0.1200000E+00  0.0000000E+00  0.0000000E+00  0.1000000E+01  0.2822378E-02
    1 -0.4377142E-01  0.1586021E+00 -0.1200000E+00  0.0000000E+00  0.0000000E+00  0.1000000E+01  0.1630023E-02
    1 -0.1373152E+00  0.3658749E+00 -0.1200000E+00  0.0000000E+00  0.0000000E+00  0.1000000E+01  0.4014748E-02
    1 -0.9725404E-01  0.2591324E+00 -0.1200000E+00  0.0000000E+00  0.0000000E+00  0.1000000E+01  0.2822383E-02
    1 -0.5781220E-01  0.1540400E+00 -0.1200000E+00  0.0000000E+00  0.0000000E+00  0.1000000E+01  0.1630018E-02
    1 -0.1695591E+00  0.3520932E+00 -0.1200000E+00  0.0000000E+00  0.0000000E+00  0.1000000E+01  0.4014743E-02
    1 -0.1200910E+00  0.2493715E+00 -0.1200000E+00  0.0000000E+00  0.0000000E+00  0.1000000E+01  0.2822383E-02
    1 -0.7138746E-01  0.1482376E+00 -0.1200000E+00  0.0000000E+00  0.0000000E+00  0.1000000E+01  0.1630024E-02
    1 -0.2004379E+00  0.3354766E+00 -0.1200000E+00  0.0000000E+00  0.0000000E+00  0.1000000E+01  0.4014747E-02
    1 -0.1419610E+00  0.2376026E+00 -0.1200000E+00  0.0000000E+00  0.0000000E+00  0.1000000E+01  0.2822387E-02
    1 -0.8438806E-01  0.1412418E+00 -0.1200000E+00  0.0000000E+00  0.0000000E+00  0.1000000E+01  0.1630023E-02
    1 -0.2297029E+00  0.3161590E+00 -0.1200000E+00  0.0000000E+00  0.0000000E+00  0.1000000E+01  0.4014748E-02
    1 -0.1626880E+00  0.2239209E+00 -0.1200000E+00  0.0000000E+00  0.0000000E+00  0.1000000E+01  0.2822383E-02
    1 -0.9670912E-01  0.1331086E+00 -0.1200000E+00  0.0000000E+00  0.0000000E+00  0.1000000E+01  0.1630023E-02
    1 -0.2571184E+00  0.2942957E+00 -0.1200000E+00  0.0000000E+00  0.0000000E+00  0.1000000E+01  0.4014735E-02
    1 -0.1821052E+00  0.2084362E+00 -0.1200000E+00  0.0000000E+00  0.0000000E+00  0.1000000E+01  0.2822377E-02
    1 -0.1082516E+00  0.1239039E+00 -0.1200000E+00  0.0000000E+00  0.0000000E+00  0.1000000E+01  0.1630015E-02
    1 -0.2824638E+00  0.2700631E+00 -0.1200000E+00  0.0000000E+00  0.0000000E+00  0.1000000E+01  0.4014755E-02
    1 -0.2000562E+00  0.1912733E+00 -0.1200000E+00  0.0000000E+00  0.0000000E+00  0.1000000E+01  0.2822393E-02
    1 -0.1189224E+00  0.1137014E+00 -0.1200000E+00  0.0000000E+00  0.0000000E+00  0.1000000E+01  0.1630026E-02
    1 -0.3055350E+00  0.2436560E+00 -0.1200000E+00  0.0000000E+00  0.0000000E+00  0.1000000E+01  0.4014745E-02
    1 -0.2163964E+00  0.1725704E+00 -0.1200000E+00  0.0000000E+00  0.0000000E+00  0.1000000E+01  0.2822383E-02
    1 -0.1286358E+00  0.1025836E+00 -0.1200000E+00  0.0000000E+00  0.0000000E+00  0.1000000E+01  0.1630020E-02
    1 -0.3261461E+00  0.2152872E+00 -0.1200000E+00  0.0000000E+00  0.0000000E+00  0.1000000E+01  0.4014742E-02
    1 -0.2309943E+00  0.1524780E+00 -0.1200000E+00  0.0000000E+00  0.0000000E+00  0.1000000E+01  0.2822381E-02
    1 -0.1373134E+00  0.9063978E-01 -0.1200000E+00  0.0000000E+00  0.0000000E+00  0.1000000E+01  0.1630019E-02
    1 -0.3441314E+00  0.1851850E+00 -0.1200000E+00  0.0000000E+00  0.0000000E+00  0.1000000E+01  0.4014749E-02
    1 -0.2437325E+00  0.1311580E+00 -0.1200000E+00  0.0000000E+00  0.0000000E+00  0.1000000E+01  0.2822387E-02
    1 -0.1448856E+00  0.7796627E-01 -0.1200000E+00  0.0000000E+00  0.0000000E+00  0.1000000E+01  0.1630019E-02
    1 -0.3593459E+00  0.1535918E+00 -0.1200000E+00  0.0000000E+00  0.0000000E+00  0.1000000E+01  0.4014738E-02
    1 -0.2545082E+00  0.1087820E+00 -0.1200000E+00  0.0000000E+00  0.0000000E+00  0.1000000E+01  0.2822382E-02
    1 -0.1512912E+00  0.6466495E-01 -0.1200000E+00  0.0000000E+00  0.0000000E+00  0.1000000E+01  0.1630021E-02
    1 -0.3716671E+00  0.1207620E+00 -0.1200000E+00  0.0000000E+00  0.0000000E+00  0.1000000E+01  0.4014751E-02
    1 -0.2632348E+00  0.8553018E-01 -0.1200000E+00  0.0000000E+00  0.0000000E+00  0.1000000E+01  0.2822387E-02
    1 -0.1564786E+00  0.5084299E-01 -0.1200000E+00  0.0000000E+00  0.0000000E+00  0.1000000E+01  0.1630019E-02
    1 -0.3809959E+00  0.8695981E-01 -0.1200000E+00  0.0000000E+00  0.0000000E+00  0.1000000E+01  0.4014742E-02
    1 -0.2698419E+00  0.6158966E-01 -0.1200000E+00  0.0000000E+00  0.0000000E+00  0.1000000E+01  0.2822381E-02
    1 -0.1604062E+00  0.3661168E-01 -0.1200000E+00  0.0000000E+00  0.0000000E+00  0.1000000E+01  0.1630018E-02
    1 -0.3872571E+00  0.5245754E-01 -0.1200000E+00  0.0000000E+00  0.0000000E+00  0.1000000E+01  0.4014750E-02
    1 -0.2742764E+00  0.3715326E-01 -0.1200000E+00  0.0000000E+00  0.0000000E+00  0.1000000E+01  0.2822389E-02
    1 -0.1630423E+00  0.2208558E-01 -0.1200000E+00  0.0000000E+00  0.0000000E+00  0.1000000E+01  0.1630028E-02
    1 -0.3904004E+00  0.1753289E-01 -0.1200000E+00  0.0000000E+00  0.0000000E+00  0.1000000E+01  0.4014741E-02
    1 -0.2765027E+00  0.1241773E-01 -0.1200000E+00  0.0000000E+00  0.0000000E+00  0.1000000E+01  0.2822380E-02
    1 -0.1643657E+00  0.7381657E-02 -0.1200000E+00  0.0000000E+00  0.0000000E+00  0.1000000E+01  0.1630017E-02
    1  0.4451023E+00  0.1998955E-01 -0.1205000E+00  0.9989930E+00  0.4486575E-01  0.0000000E+00  0.4001948E-04
    1  0.4415186E+00  0.5980776E-01 -0.1205000E+00  0.9909499E+00  0.1342321E+00  0.0000000E+00  0.4001956E-04
    1  0.4343800E+00  0.9914440E-01 -0.1205000E+00  0.9749276E+00  0.2225222E+00  0.0000000E+00  0.4001946E-04
    1  0.4237441E+00  0.1376828E+00 -0.1205000E+00  0.9510571E+00  0.3090152E+00  0.0000000E+00  0.4001955E-04
    1  0.4096965E+00  0.1751127E+00 -0.1205000E+00  0.9195271E+00  0.3930267E+00  0.0000000E+00  0.4001945E-04
    1  0.3923501E+00  0.2111326E+00 -0.1205000E+00  0.8805965E+00  0.4738669E+00  0.0000000E+00  0.4001955E-04
    1  0.3718449E+00  0.2454527E+00 -0.1205000E+00  0.8345727E+00  0.5508978E+00  0.0000000E+00  0.4001947E-04
    1  0.3483458E+00  0.2777964E+00 -0.1205000E+00  0.7818321E+00  0.6234890E+00  0.0000000E+00  0.4001955E-04
    1  0.3220419E+00  0.3079036E+00 -0.1205000E+00  0.7227934E+00  0.6910642E+00  0.0000000E+00  0.4001955E-04
    1  0.2931452E+00  0.3355317E+00 -0.1205000E+00  0.6579394E+00  0.7530709E+00  0.0000000E+00  0.4001941E-04
    1  0.2618883E+00  0.3604583E+00 -0.1205000E+00  0.5877867E+00  0.8090160E+00  0.0000000E+00  0.4001955E-04
    1  0.2285227E+00  0.3824826E+00 -0.1205000E+00  0.5128978E+00  0.8584496E+00  0.0000000E+00  0.4001956E-04
    1  0.1933173E+00  0.4014276E+00 -0.1205000E+00  0.4338844E+00  0.9009686E+00  0.0000000E+00  0.4001946E-04
    1  0.1565554E+00  0.4171403E+00 -0.1205000E+00  0.3513744E+00  0.9362350E+00  0.0000000E+00  0.4001952E-04
    1  0.1185330E+00  0.4294945E+00 -0.1205000E+00  0.2660350E+00  0.9639633E+00  0.0000000E+00  0.4001955E-04
    1  0.7955615E-01  0.4383907E+00 -0.1205000E+00  0.1785588E+00  0.9839293E+00  0.0000000E+00  0.4001952E-04
    1  0.3993885E-01  0.4437572E+00 -0.1205000E+00  0.8963841E-01  0.9959744E+00  0.0000000E+00  0.4001948E-04
    1  0.0000000E+00  0.4455509E+00 -0.1205000E+00  0.0000000E+00  0.1000000E+01  0.0000000E+00  0.4001948E-04
    1 -0.3993885E-01  0.4437572E+00 -0.1205000E+00 -0.8963841E-01  0.9959744E+00  0.0000000E+00  0.4001948E-04
    1 -0.7955615E-01  0.4383907E+00 -0.1205000E+00 -0.1785588E+00  0.9839293E+00  0.0000000E+00  0.4001952E-04
    1 -0.1185330E+00  0.4294945E+00 -0.1205000E+00 -0.2660350E+00  0.9639633E+00  0.0000000E+00  0.4001955E-04
    1 -0.1565554E+00  0.4171403E+00 -0.1205000E+00 -0.3513744E+00  0.9362350E+00  0.0000000E+00  0.4001952E-04
    1 -0.1933173E+00  0.4014276E+00 -0.1205000E+00 -0.4338844E+00  0.9009686E+00  0.0000000E+00  0.4001946E-04
    1 -0.2285227E+00  0.3824827E+00 -0.1205000E+00 -0.5128978E+00  0.8584496E+00  0.0000000E+00  0.4001956E-04
    1 -0.2618883E+00  0.3604583E+00 -0.1205000E+00 -0.5877867E+00  0.8090160E+00  0.0000000E+00  0.4001955E-04
    1 -0.2931452E+00  0.3355317E+00 -0.1205000E+00 -0.6579394E+00  0.7530709E+00  0.0000000E+00  0.4001941E-04
    1 -0.3220419E+00  0.3079036E+00 -0.1205000E+00 -0.7227934E+00  0.6910642E+00  0.0000000E+00  0.4001955E-04
    1 -0.3483458E+00  0.2777964E+00 -0.1205000E+00 -0.7818321E+00  0.6234890E+00  0.0000000E+00  0.4001955E-04
    1 -0.3718449E+00  0.2454527E+00 -0.1205000E+00 -0.8345727E+00  0.5508978E+00  0.0000000E+00  0.4001947E-04
    1 -0.3923501E+00  0.2111326E+00 -0.1205000E+00 -0.8805965E+00  0.4738669E+00  0.0000000E+00  0.4001955E-04
    1 -0.4096965E+00  0.1751127E+00 -0.1205000E+00 -0.9195271E+00  0.3930267E+00  0.0000000E+00  0.4001945E-04
    1 -0.4237441E+00  0.1376828E+00 -0.1205000E+00 -0.9510571E+00  0.3090152E+00  0.0000000E+00  0.4001955E-04
    1 -0.4343800E+00  0.9914440E-01 -0.1205000E+00 -0.9749276E+00  0.2225222E+00  0.0000000E+00  0.4001946E-04
    1 -0.4415186E+00  0.5980776E-01 -0.1205000E+00 -0.9909499E+00  0.1342321E+00  0.0000000E+00  0.4001956E-04
    1 -0.4451023E+00  0.1998955E-01 -0.1205000E+00 -0.9989930E+00  0.4486575E-01  0.0000000E+00  0.4001948E-04
    1  0.7418370E-01  0.3331600E-02 -0.1210000E+00  0.0000000E+00  0.0000000E+00 -0.1000000E+01  0.5572101E-03
    1  0.1730953E+00  0.7773734E-02 -0.1210000E+00  0.0000000E+00  0.0000000E+00 -0.1000000E+01  0.1671631E-02
    1  0.2818981E+00  0.1266005E-01 -0.1210000E+00  0.0000000E+00  0.0000000E+00 -0.1000000E+01  0.2786044E-02
    1  0.3921139E+00  0.1760983E-01 -0.1210000E+00  0.0000000E+00  0.0000000E+00 -0.1000000E+01  0.3900459E-02
    1  0.7358643E-01  0.9967967E-02 -0.1210000E+00  0.0000000E+00  0.0000000E+00 -0.1000000E+01  0.5572080E-03
    1  0.1717017E+00  0.2325859E-01 -0.1210000E+00  0.0000000E+00  0.0000000E+00 -0.1000000E+01  0.1671626E-02
    1  0.2796285E+00  0.3787825E-01 -0.1210000E+00  0.0000000E+00  0.0000000E+00 -0.1000000E+01  0.2786048E-02
    1  0.3889568E+00  0.5268778E-01 -0.1210000E+00  0.0000000E+00  0.0000000E+00 -0.1000000E+01  0.3900469E-02
    1  0.7239670E-01  0.1652407E-01 -0.1210000E+00  0.0000000E+00  0.0000000E+00 -0.1000000E+01  0.5572087E-03
    1  0.1689256E+00  0.3855615E-01 -0.1210000E+00  0.0000000E+00  0.0000000E+00 -0.1000000E+01  0.1671625E-02
    1  0.2751074E+00  0.6279145E-01 -0.1210000E+00  0.0000000E+00  0.0000000E+00 -0.1000000E+01  0.2786044E-02
    1  0.3826681E+00  0.8734150E-01 -0.1210000E+00  0.0000000E+00  0.0000000E+00 -0.1000000E+01  0.3900458E-02
    1  0.7062404E-01  0.2294713E-01 -0.1210000E+00  0.0000000E+00  0.0000000E+00 -0.1000000E+01  0.5572106E-03
    1  0.1647894E+00  0.5354331E-01 -0.1210000E+00  0.0000000E+00  0.0000000E+00 -0.1000000E+01  0.1671629E-02
    1  0.2683713E+00  0.8719911E-01 -0.1210000E+00  0.0000000E+00  0.0000000E+00 -0.1000000E+01  0.2786049E-02
    1  0.3732984E+00  0.1212920E+00 -0.1210000E+00  0.0000000E+00  0.0000000E+00 -0.1000000E+01  0.3900467E-02
    1  0.6828274E-01  0.2918543E-01 -0.1210000E+00  0.0000000E+00  0.0000000E+00 -0.1000000E+01  0.5572074E-03
    1  0.1593264E+00  0.6809934E-01 -0.1210000E+00  0.0000000E+00  0.0000000E+00 -0.1000000E+01  0.1671621E-02
    1  0.2594745E+00  0.1109047E+00 -0.1210000E+00  0.0000000E+00  0.0000000E+00 -0.1000000E+01  0.2786040E-02
    1  0.3609231E+00  0.1542659E+00 -0.1210000E+00  0.0000000E+00  0.0000000E+00 -0.1000000E+01  0.3900459E-02
    1  0.6539170E-01  0.3518876E-01 -0.1210000E+00  0.0000000E+00  0.0000000E+00 -0.1000000E+01  0.5572102E-03
    1  0.1525807E+00  0.8210714E-01 -0.1210000E+00  0.0000000E+00  0.0000000E+00 -0.1000000E+01  0.1671636E-02
    1  0.2484884E+00  0.1337173E+00 -0.1210000E+00  0.0000000E+00  0.0000000E+00 -0.1000000E+01  0.2786052E-02
    1  0.3456419E+00  0.1859978E+00 -0.1210000E+00  0.0000000E+00  0.0000000E+00 -0.1000000E+01  0.3900464E-02
    1  0.6197417E-01  0.4090877E-01 -0.1210000E+00  0.0000000E+00  0.0000000E+00 -0.1000000E+01  0.5572069E-03
    1  0.1446064E+00  0.9545382E-01 -0.1210000E+00  0.0000000E+00  0.0000000E+00 -0.1000000E+01  0.1671622E-02
    1  0.2355018E+00  0.1554534E+00 -0.1210000E+00  0.0000000E+00  0.0000000E+00 -0.1000000E+01  0.2786041E-02
    1  0.3275777E+00  0.2162321E+00 -0.1210000E+00  0.0000000E+00  0.0000000E+00 -0.1000000E+01  0.3900461E-02
    1  0.5805764E-01  0.4629940E-01 -0.1210000E+00  0.0000000E+00  0.0000000E+00 -0.1000000E+01  0.5572122E-03
    1  0.1354678E+00  0.1080319E+00 -0.1210000E+00  0.0000000E+00  0.0000000E+00 -0.1000000E+01  0.1671628E-02
    1  0.2206190E+00  0.1759377E+00 -0.1210000E+00  0.0000000E+00  0.0000000E+00 -0.1000000E+01  0.2786046E-02
    1  0.3068760E+00  0.2447254E+00 -0.1210000E+00  0.0000000E+00  0.0000000E+00 -0.1000000E+01  0.3900471E-02
    1  0.5367367E-01  0.5131727E-01 -0.1210000E+00  0.0000000E+00  0.0000000E+00 -0.1000000E+01  0.5572074E-03
    1  0.1252386E+00  0.1197404E+00 -0.1210000E+00  0.0000000E+00  0.0000000E+00 -0.1000000E+01  0.1671633E-02
    1  0.2039598E+00  0.1950056E+00 -0.1210000E+00  0.0000000E+00  0.0000000E+00 -0.1000000E+01  0.2786057E-02
    1  0.2837036E+00  0.2712484E+00 -0.1210000E+00  0.0000000E+00  0.0000000E+00 -0.1000000E+01  0.3900470E-02
    1  0.4885754E-01  0.5592193E-01 -0.1210000E+00  0.0000000E+00  0.0000000E+00 -0.1000000E+01  0.5572109E-03
    1  0.1140008E+00  0.1304845E+00 -0.1210000E+00  0.0000000E+00  0.0000000E+00 -0.1000000E+01  0.1671625E-02
    1  0.1856586E+00  0.2125034E+00 -0.1210000E+00  0.0000000E+00  0.0000000E+00 -0.1000000E+01  0.2786035E-02
    1  0.2582470E+00  0.2955874E+00 -0.1210000E+00  0.0000000E+00  0.0000000E+00 -0.1000000E+01  0.3900451E-02
    1  0.4364803E-01  0.6007637E-01 -0.1210000E+00  0.0000000E+00  0.0000000E+00 -0.1000000E+01  0.5572089E-03
    1  0.1018454E+00  0.1401782E+00 -0.1210000E+00  0.0000000E+00  0.0000000E+00 -0.1000000E+01  0.1671627E-02
    1  0.1658626E+00  0.2282902E+00 -0.1210000E+00  0.0000000E+00  0.0000000E+00 -0.1000000E+01  0.2786047E-02
    1  0.2307111E+00  0.3175465E+00 -0.1210000E+00  0.0000000E+00  0.0000000E+00 -0.1000000E+01  0.3900469E-02
    1  0.3808714E-01  0.6374710E-01 -0.1210000E+00  0.0000000E+00  0.0000000E+00 -0.1000000E+01  0.5572070E-03
    1  0.8887001E-01  0.1487433E+00 -0.1210000E+00  0.0000000E+00  0.0000000E+00 -0.1000000E+01  0.1671628E-02
    1  0.1447311E+00  0.2422391E+00 -0.1210000E+00  0.0000000E+00  0.0000000E+00 -0.1000000E+01  0.2786052E-02
    1  0.2013177E+00  0.3369490E+00 -0.1210000E+00  0.0000000E+00  0.0000000E+00 -0.1000000E+01  0.3900472E-02
    1  0.3221957E-01  0.6690460E-01 -0.1210000E+00  0.0000000E+00  0.0000000E+00 -0.1000000E+01  0.5572124E-03
    1  0.7517894E-01  0.1561107E+00 -0.1210000E+00  0.0000000E+00  0.0000000E+00 -0.1000000E+01  0.1671629E-02
    1  0.1224343E+00  0.2542374E+00 -0.1210000E+00  0.0000000E+00  0.0000000E+00 -0.1000000E+01  0.2786042E-02
    1  0.1703033E+00  0.3536386E+00 -0.1210000E+00  0.0000000E+00  0.0000000E+00 -0.1000000E+01  0.3900458E-02
    1  0.2609257E-01  0.6952341E-01 -0.1210000E+00  0.0000000E+00  0.0000000E+00 -0.1000000E+01  0.5572084E-03
    1  0.6088267E-01  0.1622213E+00 -0.1210000E+00  0.0000000E+00  0.0000000E+00 -0.1000000E+01  0.1671626E-02
    1  0.9915175E-01  0.2641889E+00 -0.1210000E+00  0.0000000E+00  0.0000000E+00 -0.1000000E+01  0.2786046E-02
    1  0.1379178E+00  0.3674808E+00 -0.1210000E+00  0.0000000E+00  0.0000000E+00 -0.1000000E+01  0.3900463E-02
    1  0.1975550E-01  0.7158241E-01 -0.1210000E+00  0.0000000E+00  0.0000000E+00 -0.1000000E+01  0.5572076E-03
    1  0.4609617E-01  0.1670256E+00 -0.1210000E+00  0.0000000E+00  0.0000000E+00 -0.1000000E+01  0.1671625E-02
    1  0.7507090E-01  0.2720132E+00 -0.1210000E+00  0.0000000E+00  0.0000000E+00 -0.1000000E+01  0.2786041E-02
    1  0.1044219E+00  0.3783642E+00 -0.1210000E+00  0.0000000E+00  0.0000000E+00 -0.1000000E+01  0.3900464E-02
    1  0.1325937E-01  0.7306510E-01 -0.1210000E+00  0.0000000E+00  0.0000000E+00 -0.1000000E+01  0.5572110E-03
    1  0.3093852E-01  0.1704853E+00 -0.1210000E+00  0.0000000E+00  0.0000000E+00 -0.1000000E+01  0.1671633E-02
    1  0.5038559E-01  0.2776474E+00 -0.1210000E+00  0.0000000E+00  0.0000000E+00 -0.1000000E+01  0.2786053E-02
    1  0.7008519E-01  0.3862013E+00 -0.1210000E+00  0.0000000E+00  0.0000000E+00 -0.1000000E+01  0.3900470E-02
    1  0.6656467E-02  0.7395954E-01 -0.1210000E+00  0.0000000E+00  0.0000000E+00 -0.1000000E+01  0.5572101E-03
    1  0.1553178E-01  0.1725722E+00 -0.1210000E+00  0.0000000E+00  0.0000000E+00 -0.1000000E+01  0.1671624E-02
    1  0.2529462E-01  0.2810463E+00 -0.1210000E+00  0.0000000E+00  0.0000000E+00 -0.1000000E+01  0.2786040E-02
    1  0.3518423E-01  0.3909290E+00 -0.1210000E+00  0.0000000E+00  0.0000000E+00 -0.1000000E+01  0.3900460E-02
    1  0.0000000E+00  0.7425847E-01 -0.1210000E+00  0.0000000E+00  0.0000000E+00 -0.1000000E+01  0.5572058E-03
    1  0.0000000E+00  0.1732699E+00 -0.1210000E+00  0.0000000E+00  0.0000000E+00 -0.1000000E+01  0.1671629E-02
    1  0.0000000E+00  0.2821822E+00 -0.1210000E+00  0.0000000E+00  0.0000000E+00 -0.1000000E+01  0.2786054E-02
    1  0.4656613E-09  0.3925091E+00 -0.1210000E+00  0.0000000E+00  0.0000000E+00 -0.1000000E+01  0.3900463E-02
    1 -0.6656467E-02  0.7395954E-01 -0.1210000E+00  0.0000000E+00  0.0000000E+00 -0.1000000E+01  0.5572100E-03
    1 -0.1553178E-01  0.1725722E+00 -0.1210000E+00  0.0000000E+00  0.0000000E+00 -0.1000000E+01  0.1671624E-02
    1 -0.2529462E-01  0.2810463E+00 -0.1210000E+00  0.0000000E+00  0.0000000E+00 -0.1000000E+01  0.2786040E-02
    1 -0.3518423E-01  0.3909290E+00 -0.1210000E+00  0.0000000E+00  0.0000000E+00 -0.1000000E+01  0.3900460E-02
    1 -0.1325937E-01  0.7306510E-01 -0.1210000E+00  0.0000000E+00  0.0000000E+00 -0.1000000E+01  0.5572110E-03
    1 -0.3093852E-01  0.1704853E+00 -0.1210000E+00  0.0000000E+00  0.0000000E+00 -0.1000000E+01  0.1671633E-02
    1 -0.5038559E-01  0.2776475E+00 -0.1210000E+00  0.0000000E+00  0.0000000E+00 -0.1000000E+01  0.2786053E-02
    1 -0.7008520E-01  0.3862013E+00 -0.1210000E+00  0.0000000E+00  0.0000000E+00 -0.1000000E+01  0.3900470E-02
    1 -0.1975550E-01  0.7158241E-01 -0.1210000E+00  0.0000000E+00  0.0000000E+00 -0.1000000E+01  0.5572076E-03
    1 -0.4609617E-01  0.1670256E+00 -0.1210000E+00  0.0000000E+00  0.0000000E+00 -0.1000000E+01  0.1671625E-02
    1 -0.7507090E-01  0.2720132E+00 -0.1210000E+00  0.0000000E+00  0.0000000E+00 -0.1000000E+01  0.2786041E-02
    1 -0.1044219E+00  0.3783642E+00 -0.1210000E+00  0.0000000E+00  0.0000000E+00 -0.1000000E+01  0.3900464E-02
    1 -0.2609257E-01  0.6952341E-01 -0.1210000E+00  0.0000000E+00  0.0000000E+00 -0.1000000E+01  0.5572084E-03
    1 -0.6088266E-01  0.1622213E+00 -0.1210000E+00  0.0000000E+00  0.0000000E+00 -0.1000000E+01  0.1671627E-02
    1 -0.9915175E-01  0.2641889E+00 -0.1210000E+00  0.0000000E+00  0.0000000E+00 -0.1000000E+01  0.2786046E-02
    1 -0.1379178E+00  0.3674808E+00 -0.1210000E+00  0.0000000E+00  0.0000000E+00 -0.1000000E+01  0.3900463E-02
    1 -0.3221957E-01  0.6690460E-01 -0.1210000E+00  0.0000000E+00  0.0000000E+00 -0.1000000E+01  0.5572124E-03
    1 -0.7517894E-01  0.1561107E+00 -0.1210000E+00  0.0000000E+00  0.0000000E+00 -0.1000000E+01  0.1671629E-02
    1 -0.1224343E+00  0.2542374E+00 -0.1210000E+00  0.0000000E+00  0.0000000E+00 -0.1000000E+01  0.2786042E-02
    1 -0.1703033E+00  0.3536385E+00 -0.1210000E+00  0.0000000E+00  0.0000000E+00 -0.1000000E+01  0.3900458E-02
    1 -0.3808714E-01  0.6374710E-01 -0.1210000E+00  0.0000000E+00  0.0000000E+00 -0.1000000E+01  0.5572070E-03
    1 -0.8887001E-01  0.1487433E+00 -0.1210000E+00  0.0000000E+00  0.0000000E+00 -0.1000000E+01  0.1671628E-02
    1 -0.1447311E+00  0.2422391E+00 -0.1210000E+00  0.0000000E+00  0.0000000E+00 -0.1000000E+01  0.2786052E-02
    1 -0.2013176E+00  0.3369490E+00 -0.1210000E+00  0.0000000E+00  0.0000000E+00 -0.1000000E+01  0.3900472E-02
    1 -0.4364803E-01  0.6007637E-01 -0.1210000E+00  0.0000000E+00  0.0000000E+00 -0.1000000E+01  0.5572089E-03
    1 -0.1018454E+00  0.1401782E+00 -0.1210000E+00  0.0000000E+00  0.0000000E+00 -0.1000000E+01  0.1671627E-02
    1 -0.1658626E+00  0.2282903E+00 -0.1210000E+00  0.0000000E+00  0.0000000E+00 -0.1000000E+01  0.2786047E-02
    1 -0.2307112E+00  0.3175466E+00 -0.1210000E+00  0.0000000E+00  0.0000000E+00 -0.1000000E+01  0.3900468E-02
    1 -0.4885754E-01  0.5592193E-01 -0.1210000E+00  0.0000000E+00  0.0000000E+00 -0.1000000E+01  0.5572109E-03
    1 -0.1140008E+00  0.1304845E+00 -0.1210000E+00  0.0000000E+00  0.0000000E+00 -0.1000000E+01  0.1671625E-02
    1 -0.1856586E+00  0.2125034E+00 -0.1210000E+00  0.0000000E+00  0.0000000E+00 -0.1000000E+01  0.2786035E-02
    1 -0.2582470E+00  0.2955874E+00 -0.1210000E+00  0.0000000E+00  0.0000000E+00 -0.1000000E+01  0.3900451E-02
    1 -0.5367367E-01  0.5131727E-01 -0.1210000E+00  0.0000000E+00  0.0000000E+00 -0.1000000E+01  0.5572074E-03
    1 -0.1252386E+00  0.1197404E+00 -0.1210000E+00  0.0000000E+00  0.0000000E+00 -0.1000000E+01  0.1671633E-02
    1 -0.2039598E+00  0.1950056E+00 -0.1210000E+00  0.0000000E+00  0.0000000E+00 -0.1000000E+01  0.2786056E-02
    1 -0.2837036E+00  0.2712484E+00 -0.1210000E+00  0.0000000E+00  0.0000000E+00 -0.1000000E+01  0.3900470E-02
    1 -0.5805764E-01  0.4629940E-01 -0.1210000E+00  0.0000000E+00  0.0000000E+00 -0.1000000E+01  0.5572122E-03
    1 -0.1354678E+00  0.1080319E+00 -0.1210000E+00  0.0000000E+00  0.0000000E+00 -0.1000000E+01  0.1671628E-02
    1 -0.2206190E+00  0.1759377E+00 -0.1210000E+00  0.0000000E+00  0.0000000E+00 -0.1000000E+01  0.2786046E-02
    1 -0.3068760E+00  0.2447254E+00 -0.1210000E+00  0.0000000E+00  0.0000000E+00 -0.1000000E+01  0.3900471E-02
    1 -0.6197417E-01  0.4090877E-01 -0.1210000E+00  0.0000000E+00  0.0000000E+00 -0.1000000E+01  0.5572069E-03
    1 -0.1446064E+00  0.9545381E-01 -0.1210000E+00  0.0000000E+00  0.0000000E+00 -0.1000000E+01  0.1671622E-02
    1 -0.2355018E+00  0.1554534E+00 -0.1210000E+00  0.0000000E+00  0.0000000E+00 -0.1000000E+01  0.2786041E-02
    1 -0.3275777E+00  0.2162321E+00 -0.1210000E+00  0.0000000E+00  0.0000000E+00 -0.1000000E+01  0.3900461E-02
    1 -0.6539170E-01  0.3518876E-01 -0.1210000E+00  0.0000000E+00  0.0000000E+00 -0.1000000E+01  0.5572102E-03
    1 -0.1525807E+00  0.8210714E-01 -0.1210000E+00  0.0000000E+00  0.0000000E+00 -0.1000000E+01  0.1671636E-02
    1 -0.2484884E+00  0.1337173E+00 -0.1210000E+00  0.0000000E+00  0.0000000E+00 -0.1000000E+01  0.2786052E-02
    1 -0.3456418E+00  0.1859978E+00 -0.1210000E+00  0.0000000E+00  0.0000000E+00 -0.1000000E+01  0.3900464E-02
    1 -0.6828274E-01  0.2918543E-01 -0.1210000E+00  0.0000000E+00  0.0000000E+00 -0.1000000E+01  0.5572074E-03
    1 -0.1593264E+00  0.6809934E-01 -0.1210000E+00  0.0000000E+00  0.0000000E+00 -0.1000000E+01  0.1671621E-02
    1 -0.2594745E+00  0.1109047E+00 -0.1210000E+00  0.0000000E+00  0.0000000E+00 -0.1000000E+01  0.2786040E-02
    1 -0.3609231E+00  0.1542659E+00 -0.1210000E+00  0.0000000E+00  0.0000000E+00 -0.1000000E+01  0.3900459E-02
    1 -0.7062404E-01  0.2294713E-01 -0.1210000E+00  0.0000000E+00  0.0000000E+00 -0.1000000E+01  0.5572106E-03
    1 -0.1647894E+00  0.5354331E-01 -0.1210000E+00  0.0000000E+00  0.0000000E+00 -0.1000000E+01  0.1671629E-02
    1 -0.2683713E+00  0.8719911E-01 -0.1210000E+00  0.0000000E+00  0.0000000E+00 -0.1000000E+01  0.2786050E-02
    1 -0.3732984E+00  0.1212920E+00 -0.1210000E+00  0.0000000E+00  0.0000000E+00 -0.1000000E+01  0.3900467E-02
    1 -0.7239670E-01  0.1652407E-01 -0.1210000E+00  0.0000000E+00  0.0000000E+00 -0.1000000E+01  0.5572087E-03
    1 -0.1689256E+00  0.3855616E-01 -0.1210000E+00  0.0000000E+00  0.0000000E+00 -0.1000000E+01  0.1671625E-02
    1 -0.2751074E+00  0.6279145E-01 -0.1210000E+00  0.0000000E+00  0.0000000E+00 -0.1000000E+01  0.2786044E-02
    1 -0.3826681E+00  0.8734150E-01 -0.1210000E+00  0.0000000E+00  0.0000000E+00 -0.1000000E+01  0.3900458E-02
    1 -0.7358643E-01  0.9967967E-02 -0.1210000E+00  0.0000000E+00  0.0000000E+00 -0.1000000E+01  0.5572080E-03
    1 -0.1717017E+00  0.2325859E-01 -0.1210000E+00  0.0000000E+00  0.0000000E+00 -0.1000000E+01  0.1671626E-02
    1 -0.2796285E+00  0.3787825E-01 -0.1210000E+00  0.0000000E+00  0.0000000E+00 -0.1000000E+01  0.2786048E-02
    1 -0.3889568E+00  0.5268777E-01 -0.1210000E+00  0.0000000E+00  0.0000000E+00 -0.1000000E+01  0.3900469E-02
    1 -0.7418370E-01  0.3331600E-02 -0.1210000E+00  0.0000000E+00  0.0000000E+00 -0.1000000E+01  0.5572101E-03
    1 -0.1730953E+00  0.7773734E-02 -0.1210000E+00  0.0000000E+00  0.0000000E+00 -0.1000000E+01  0.1671631E-02
    1 -0.2818981E+00  0.1266005E-01 -0.1210000E+00  0.0000000E+00  0.0000000E+00 -0.1000000E+01  0.2786044E-02
    1 -0.3921139E+00  0.1760984E-01 -0.1210000E+00  0.0000000E+00  0.0000000E+00 -0.1000000E+01  0.3900459E-02
           0
