  2   1
     1  0.1244968E+00  0.1120490E-01 -0.6000000E-01
     2  0.1244968E+00  0.1120490E-01 -0.3000000E-01
     3  0.1244968E+00  0.1120490E-01  0.0000000E+00
     4  0.1250000E+00  0.0000000E+00 -0.6000000E-01
     5  0.1250000E+00  0.0000000E+00 -0.3000000E-01
     6  0.1250000E+00  0.0000000E+00  0.0000000E+00
     7  0.1229912E+00  0.2231960E-01 -0.6000000E-01
     8  0.1229912E+00  0.2231960E-01 -0.3000000E-01
     9  0.1229912E+00  0.2231960E-01  0.0000000E+00
    10  0.1244968E+00  0.1120490E-01 -0.6000000E-01
    11  0.1244968E+00  0.1120490E-01 -0.3000000E-01
    12  0.1244968E+00  0.1120490E-01  0.0000000E+00
    13  0.1204954E+00  0.3325460E-01 -0.6000000E-01
    14  0.1204954E+00  0.3325460E-01 -0.3000000E-01
    15  0.1204954E+00  0.3325460E-01  0.0000000E+00
    16  0.1229912E+00  0.2231960E-01 -0.6000000E-01
    17  0.1229912E+00  0.2231960E-01 -0.3000000E-01
    18  0.1229912E+00  0.2231960E-01  0.0000000E+00
    19  0.1170294E+00  0.4392190E-01 -0.6000000E-01
    20  0.1170294E+00  0.4392190E-01 -0.3000000E-01
    21  0.1170294E+00  0.4392190E-01  0.0000000E+00
    22  0.1204954E+00  0.3325460E-01 -0.6000000E-01
    23  0.1204954E+00  0.3325460E-01 -0.3000000E-01
    24  0.1204954E+00  0.3325460E-01  0.0000000E+00
    25  0.1126211E+00  0.5423550E-01 -0.6000000E-01
    26  0.1126211E+00  0.5423550E-01 -0.3000000E-01
    27  0.1126211E+00  0.5423550E-01  0.0000000E+00
    28  0.1170294E+00  0.4392190E-01 -0.6000000E-01
    29  0.1170294E+00  0.4392190E-01 -0.3000000E-01
    30  0.1170294E+00  0.4392190E-01  0.0000000E+00
    31  0.1073061E+00  0.6411240E-01 -0.6000000E-01
    32  0.1073061E+00  0.6411240E-01 -0.3000000E-01
    33  0.1073061E+00  0.6411240E-01  0.0000000E+00
    34  0.1126211E+00  0.5423550E-01 -0.6000000E-01
    35  0.1126211E+00  0.5423550E-01 -0.3000000E-01
    36  0.1126211E+00  0.5423550E-01  0.0000000E+00
    37  0.1011271E+00  0.7347320E-01 -0.6000000E-01
    38  0.1011271E+00  0.7347320E-01 -0.3000000E-01
    39  0.1011271E+00  0.7347320E-01  0.0000000E+00
    40  0.1073061E+00  0.6411240E-01 -0.6000000E-01
    41  0.1073061E+00  0.6411240E-01 -0.3000000E-01
    42  0.1073061E+00  0.6411240E-01  0.0000000E+00
    43  0.9413390E-01  0.8224230E-01 -0.6000000E-01
    44  0.9413390E-01  0.8224230E-01 -0.3000000E-01
    45  0.9413390E-01  0.8224230E-01  0.0000000E+00
    46  0.1011271E+00  0.7347320E-01 -0.6000000E-01
    47  0.1011271E+00  0.7347320E-01 -0.3000000E-01
    48  0.1011271E+00  0.7347320E-01  0.0000000E+00
    49  0.8638280E-01  0.9034940E-01 -0.6000000E-01
    50  0.8638280E-01  0.9034940E-01 -0.3000000E-01
    51  0.8638280E-01  0.9034940E-01  0.0000000E+00
    52  0.9413390E-01  0.8224230E-01 -0.6000000E-01
    53  0.9413390E-01  0.8224230E-01 -0.3000000E-01
    54  0.9413390E-01  0.8224230E-01  0.0000000E+00
    55  0.7793620E-01  0.9772890E-01 -0.6000000E-01
    56  0.7793620E-01  0.9772890E-01 -0.3000000E-01
    57  0.7793620E-01  0.9772890E-01  0.0000000E+00
    58  0.8638280E-01  0.9034940E-01 -0.6000000E-01
    59  0.8638280E-01  0.9034940E-01 -0.3000000E-01
    60  0.8638280E-01  0.9034940E-01  0.0000000E+00
    61  0.6886210E-01  0.1043217E+00 -0.6000000E-01
    62  0.6886210E-01  0.1043217E+00 -0.3000000E-01
    63  0.6886210E-01  0.1043217E+00  0.0000000E+00
    64  0.7793620E-01  0.9772890E-01 -0.6000000E-01
    65  0.7793620E-01  0.9772890E-01 -0.3000000E-01
    66  0.7793620E-01  0.9772890E-01  0.0000000E+00
    67  0.5923360E-01  0.1100744E+00 -0.6000000E-01
    68  0.5923360E-01  0.1100744E+00 -0.3000000E-01
    69  0.5923360E-01  0.1100744E+00  0.0000000E+00
    70  0.6886210E-01  0.1043217E+00 -0.6000000E-01
    71  0.6886210E-01  0.1043217E+00 -0.3000000E-01
    72  0.6886210E-01  0.1043217E+00  0.0000000E+00
    73  0.4912810E-01  0.1149410E+00 -0.6000000E-01
    74  0.4912810E-01  0.1149410E+00 -0.3000000E-01
    75  0.4912810E-01  0.1149410E+00  0.0000000E+00
    76  0.5923360E-01  0.1100744E+00 -0.6000000E-01
    77  0.5923360E-01  0.1100744E+00 -0.3000000E-01
    78  0.5923360E-01  0.1100744E+00  0.0000000E+00
    79  0.3862710E-01  0.1188821E+00 -0.6000000E-01
    80  0.3862710E-01  0.1188821E+00 -0.3000000E-01
    81  0.3862710E-01  0.1188821E+00  0.0000000E+00
    82  0.4912810E-01  0.1149410E+00 -0.6000000E-01
    83  0.4912810E-01  0.1149410E+00 -0.3000000E-01
    84  0.4912810E-01  0.1149410E+00  0.0000000E+00
    85  0.2781510E-01  0.1218660E+00 -0.6000000E-01
    86  0.2781510E-01  0.1218660E+00 -0.3000000E-01
    87  0.2781510E-01  0.1218660E+00  0.0000000E+00
    88  0.3862710E-01  0.1188821E+00 -0.6000000E-01
    89  0.3862710E-01  0.1188821E+00 -0.3000000E-01
    90  0.3862710E-01  0.1188821E+00  0.0000000E+00
    91  0.1677920E-01  0.1238687E+00 -0.6000000E-01
    92  0.1677920E-01  0.1238687E+00 -0.3000000E-01
    93  0.1677920E-01  0.1238687E+00  0.0000000E+00
    94  0.2781510E-01  0.1218660E+00 -0.6000000E-01
    95  0.2781510E-01  0.1218660E+00 -0.3000000E-01
    96  0.2781510E-01  0.1218660E+00  0.0000000E+00
    97  0.5608100E-02  0.1248741E+00 -0.6000000E-01
    98  0.5608100E-02  0.1248741E+00 -0.3000000E-01
    99  0.5608100E-02  0.1248741E+00  0.0000000E+00
   100  0.1677920E-01  0.1238687E+00 -0.6000000E-01
   101  0.1677920E-01  0.1238687E+00 -0.3000000E-01
   102  0.1677920E-01  0.1238687E+00  0.0000000E+00
   103 -0.5608100E-02  0.1248741E+00 -0.6000000E-01
   104 -0.5608100E-02  0.1248741E+00 -0.3000000E-01
   105 -0.5608100E-02  0.1248741E+00  0.0000000E+00
   106  0.5608100E-02  0.1248741E+00 -0.6000000E-01
   107  0.5608100E-02  0.1248741E+00 -0.3000000E-01
   108  0.5608100E-02  0.1248741E+00  0.0000000E+00
   109 -0.1677920E-01  0.1238687E+00 -0.6000000E-01
   110 -0.1677920E-01  0.1238687E+00 -0.3000000E-01
   111 -0.1677920E-01  0.1238687E+00  0.0000000E+00
   112 -0.5608100E-02  0.1248741E+00 -0.6000000E-01
   113 -0.5608100E-02  0.1248741E+00 -0.3000000E-01
   114 -0.5608100E-02  0.1248741E+00  0.0000000E+00
   115 -0.2781510E-01  0.1218660E+00 -0.6000000E-01
   116 -0.2781510E-01  0.1218660E+00 -0.3000000E-01
   117 -0.2781510E-01  0.1218660E+00  0.0000000E+00
   118 -0.1677920E-01  0.1238687E+00 -0.6000000E-01
   119 -0.1677920E-01  0.1238687E+00 -0.3000000E-01
   120 -0.1677920E-01  0.1238687E+00  0.0000000E+00
   121 -0.3862710E-01  0.1188821E+00 -0.6000000E-01
   122 -0.3862710E-01  0.1188821E+00 -0.3000000E-01
   123 -0.3862710E-01  0.1188821E+00  0.0000000E+00
   124 -0.2781510E-01  0.1218660E+00 -0.6000000E-01
   125 -0.2781510E-01  0.1218660E+00 -0.3000000E-01
   126 -0.2781510E-01  0.1218660E+00  0.0000000E+00
   127 -0.4912810E-01  0.1149410E+00 -0.6000000E-01
   128 -0.4912810E-01  0.1149410E+00 -0.3000000E-01
   129 -0.4912810E-01  0.1149410E+00  0.0000000E+00
   130 -0.3862710E-01  0.1188821E+00 -0.6000000E-01
   131 -0.3862710E-01  0.1188821E+00 -0.3000000E-01
   132 -0.3862710E-01  0.1188821E+00  0.0000000E+00
   133 -0.5923360E-01  0.1100744E+00 -0.6000000E-01
   134 -0.5923360E-01  0.1100744E+00 -0.3000000E-01
   135 -0.5923360E-01  0.1100744E+00  0.0000000E+00
   136 -0.4912810E-01  0.1149410E+00 -0.6000000E-01
   137 -0.4912810E-01  0.1149410E+00 -0.3000000E-01
   138 -0.4912810E-01  0.1149410E+00  0.0000000E+00
   139 -0.6886210E-01  0.1043217E+00 -0.6000000E-01
   140 -0.6886210E-01  0.1043217E+00 -0.3000000E-01
   141 -0.6886210E-01  0.1043217E+00  0.0000000E+00
   142 -0.5923360E-01  0.1100744E+00 -0.6000000E-01
   143 -0.5923360E-01  0.1100744E+00 -0.3000000E-01
   144 -0.5923360E-01  0.1100744E+00  0.0000000E+00
   145 -0.7793620E-01  0.9772890E-01 -0.6000000E-01
   146 -0.7793620E-01  0.9772890E-01 -0.3000000E-01
   147 -0.7793620E-01  0.9772890E-01  0.0000000E+00
   148 -0.6886210E-01  0.1043217E+00 -0.6000000E-01
   149 -0.6886210E-01  0.1043217E+00 -0.3000000E-01
   150 -0.6886210E-01  0.1043217E+00  0.0000000E+00
   151 -0.8638280E-01  0.9034940E-01 -0.6000000E-01
   152 -0.8638280E-01  0.9034940E-01 -0.3000000E-01
   153 -0.8638280E-01  0.9034940E-01  0.0000000E+00
   154 -0.7793620E-01  0.9772890E-01 -0.6000000E-01
   155 -0.7793620E-01  0.9772890E-01 -0.3000000E-01
   156 -0.7793620E-01  0.9772890E-01  0.0000000E+00
   157 -0.9413390E-01  0.8224230E-01 -0.6000000E-01
   158 -0.9413390E-01  0.8224230E-01 -0.3000000E-01
   159 -0.9413390E-01  0.8224230E-01  0.0000000E+00
   160 -0.8638280E-01  0.9034940E-01 -0.6000000E-01
   161 -0.8638280E-01  0.9034940E-01 -0.3000000E-01
   162 -0.8638280E-01  0.9034940E-01  0.0000000E+00
   163 -0.1011271E+00  0.7347320E-01 -0.6000000E-01
   164 -0.1011271E+00  0.7347320E-01 -0.3000000E-01
   165 -0.1011271E+00  0.7347320E-01  0.0000000E+00
   166 -0.9413390E-01  0.8224230E-01 -0.6000000E-01
   167 -0.9413390E-01  0.8224230E-01 -0.3000000E-01
   168 -0.9413390E-01  0.8224230E-01  0.0000000E+00
   169 -0.1073061E+00  0.6411240E-01 -0.6000000E-01
   170 -0.1073061E+00  0.6411240E-01 -0.3000000E-01
   171 -0.1073061E+00  0.6411240E-01  0.0000000E+00
   172 -0.1011271E+00  0.7347320E-01 -0.6000000E-01
   173 -0.1011271E+00  0.7347320E-01 -0.3000000E-01
   174 -0.1011271E+00  0.7347320E-01  0.0000000E+00
   175 -0.1126211E+00  0.5423550E-01 -0.6000000E-01
   176 -0.1126211E+00  0.5423550E-01 -0.3000000E-01
   177 -0.1126211E+00  0.5423550E-01  0.0000000E+00
   178 -0.1073061E+00  0.6411240E-01 -0.6000000E-01
   179 -0.1073061E+00  0.6411240E-01 -0.3000000E-01
   180 -0.1073061E+00  0.6411240E-01  0.0000000E+00
   181 -0.1170294E+00  0.4392190E-01 -0.6000000E-01
   182 -0.1170294E+00  0.4392190E-01 -0.3000000E-01
   183 -0.1170294E+00  0.4392190E-01  0.0000000E+00
   184 -0.1126211E+00  0.5423550E-01 -0.6000000E-01
   185 -0.1126211E+00  0.5423550E-01 -0.3000000E-01
   186 -0.1126211E+00  0.5423550E-01  0.0000000E+00
   187 -0.1204954E+00  0.3325460E-01 -0.6000000E-01
   188 -0.1204954E+00  0.3325460E-01 -0.3000000E-01
   189 -0.1204954E+00  0.3325460E-01  0.0000000E+00
   190 -0.1170294E+00  0.4392190E-01 -0.6000000E-01
   191 -0.1170294E+00  0.4392190E-01 -0.3000000E-01
   192 -0.1170294E+00  0.4392190E-01  0.0000000E+00
   193 -0.1229912E+00  0.2231960E-01 -0.6000000E-01
   194 -0.1229912E+00  0.2231960E-01 -0.3000000E-01
   195 -0.1229912E+00  0.2231960E-01  0.0000000E+00
   196 -0.1204954E+00  0.3325460E-01 -0.6000000E-01
   197 -0.1204954E+00  0.3325460E-01 -0.3000000E-01
   198 -0.1204954E+00  0.3325460E-01  0.0000000E+00
   199 -0.1244968E+00  0.1120490E-01 -0.6000000E-01
   200 -0.1244968E+00  0.1120490E-01 -0.3000000E-01
   201 -0.1244968E+00  0.1120490E-01  0.0000000E+00
   202 -0.1229912E+00  0.2231960E-01 -0.6000000E-01
   203 -0.1229912E+00  0.2231960E-01 -0.3000000E-01
   204 -0.1229912E+00  0.2231960E-01  0.0000000E+00
   205 -0.1250000E+00  0.0000000E+00 -0.6000000E-01
   206 -0.1250000E+00  0.0000000E+00 -0.3000000E-01
   207 -0.1250000E+00  0.0000000E+00  0.0000000E+00
   208 -0.1244968E+00  0.1120490E-01 -0.6000000E-01
   209 -0.1244968E+00  0.1120490E-01 -0.3000000E-01
   210 -0.1244968E+00  0.1120490E-01  0.0000000E+00
   211  0.1244968E+00  0.1120490E-01 -0.8000000E-01
   212  0.1244968E+00  0.1120490E-01 -0.6000000E-01
   213  0.1250000E+00  0.0000000E+00 -0.8000000E-01
   214  0.1250000E+00  0.0000000E+00 -0.6000000E-01
   215  0.1229912E+00  0.2231960E-01 -0.8000000E-01
   216  0.1229912E+00  0.2231960E-01 -0.6000000E-01
   217  0.1244968E+00  0.1120490E-01 -0.8000000E-01
   218  0.1244968E+00  0.1120490E-01 -0.6000000E-01
   219  0.1204954E+00  0.3325460E-01 -0.8000000E-01
   220  0.1204954E+00  0.3325460E-01 -0.6000000E-01
   221  0.1229912E+00  0.2231960E-01 -0.8000000E-01
   222  0.1229912E+00  0.2231960E-01 -0.6000000E-01
   223  0.1170294E+00  0.4392190E-01 -0.8000000E-01
   224  0.1170294E+00  0.4392190E-01 -0.6000000E-01
   225  0.1204954E+00  0.3325460E-01 -0.8000000E-01
   226  0.1204954E+00  0.3325460E-01 -0.6000000E-01
   227  0.1126211E+00  0.5423550E-01 -0.8000000E-01
   228  0.1126211E+00  0.5423550E-01 -0.6000000E-01
   229  0.1170294E+00  0.4392190E-01 -0.8000000E-01
   230  0.1170294E+00  0.4392190E-01 -0.6000000E-01
   231  0.1073061E+00  0.6411240E-01 -0.8000000E-01
   232  0.1073061E+00  0.6411240E-01 -0.6000000E-01
   233  0.1126211E+00  0.5423550E-01 -0.8000000E-01
   234  0.1126211E+00  0.5423550E-01 -0.6000000E-01
   235  0.1011271E+00  0.7347320E-01 -0.8000000E-01
   236  0.1011271E+00  0.7347320E-01 -0.6000000E-01
   237  0.1073061E+00  0.6411240E-01 -0.8000000E-01
   238  0.1073061E+00  0.6411240E-01 -0.6000000E-01
   239  0.9413390E-01  0.8224230E-01 -0.8000000E-01
   240  0.9413390E-01  0.8224230E-01 -0.6000000E-01
   241  0.1011271E+00  0.7347320E-01 -0.8000000E-01
   242  0.1011271E+00  0.7347320E-01 -0.6000000E-01
   243  0.8638280E-01  0.9034940E-01 -0.8000000E-01
   244  0.8638280E-01  0.9034940E-01 -0.6000000E-01
   245  0.9413390E-01  0.8224230E-01 -0.8000000E-01
   246  0.9413390E-01  0.8224230E-01 -0.6000000E-01
   247  0.7793620E-01  0.9772890E-01 -0.8000000E-01
   248  0.7793620E-01  0.9772890E-01 -0.6000000E-01
   249  0.8638280E-01  0.9034940E-01 -0.8000000E-01
   250  0.8638280E-01  0.9034940E-01 -0.6000000E-01
   251  0.6886210E-01  0.1043217E+00 -0.8000000E-01
   252  0.6886210E-01  0.1043217E+00 -0.6000000E-01
   253  0.7793620E-01  0.9772890E-01 -0.8000000E-01
   254  0.7793620E-01  0.9772890E-01 -0.6000000E-01
   255  0.5923360E-01  0.1100744E+00 -0.8000000E-01
   256  0.5923360E-01  0.1100744E+00 -0.6000000E-01
   257  0.6886210E-01  0.1043217E+00 -0.8000000E-01
   258  0.6886210E-01  0.1043217E+00 -0.6000000E-01
   259  0.4912810E-01  0.1149410E+00 -0.8000000E-01
   260  0.4912810E-01  0.1149410E+00 -0.6000000E-01
   261  0.5923360E-01  0.1100744E+00 -0.8000000E-01
   262  0.5923360E-01  0.1100744E+00 -0.6000000E-01
   263  0.3862710E-01  0.1188821E+00 -0.8000000E-01
   264  0.3862710E-01  0.1188821E+00 -0.6000000E-01
   265  0.4912810E-01  0.1149410E+00 -0.8000000E-01
   266  0.4912810E-01  0.1149410E+00 -0.6000000E-01
   267  0.2781510E-01  0.1218660E+00 -0.8000000E-01
   268  0.2781510E-01  0.1218660E+00 -0.6000000E-01
   269  0.3862710E-01  0.1188821E+00 -0.8000000E-01
   270  0.3862710E-01  0.1188821E+00 -0.6000000E-01
   271  0.1677920E-01  0.1238687E+00 -0.8000000E-01
   272  0.1677920E-01  0.1238687E+00 -0.6000000E-01
   273  0.2781510E-01  0.1218660E+00 -0.8000000E-01
   274  0.2781510E-01  0.1218660E+00 -0.6000000E-01
   275  0.5608100E-02  0.1248741E+00 -0.8000000E-01
   276  0.5608100E-02  0.1248741E+00 -0.6000000E-01
   277  0.1677920E-01  0.1238687E+00 -0.8000000E-01
   278  0.1677920E-01  0.1238687E+00 -0.6000000E-01
   279 -0.5608100E-02  0.1248741E+00 -0.8000000E-01
   280 -0.5608100E-02  0.1248741E+00 -0.6000000E-01
   281  0.5608100E-02  0.1248741E+00 -0.8000000E-01
   282  0.5608100E-02  0.1248741E+00 -0.6000000E-01
   283 -0.1677920E-01  0.1238687E+00 -0.8000000E-01
   284 -0.1677920E-01  0.1238687E+00 -0.6000000E-01
   285 -0.5608100E-02  0.1248741E+00 -0.8000000E-01
   286 -0.5608100E-02  0.1248741E+00 -0.6000000E-01
   287 -0.2781510E-01  0.1218660E+00 -0.8000000E-01
   288 -0.2781510E-01  0.1218660E+00 -0.6000000E-01
   289 -0.1677920E-01  0.1238687E+00 -0.8000000E-01
   290 -0.1677920E-01  0.1238687E+00 -0.6000000E-01
   291 -0.3862710E-01  0.1188821E+00 -0.8000000E-01
   292 -0.3862710E-01  0.1188821E+00 -0.6000000E-01
   293 -0.2781510E-01  0.1218660E+00 -0.8000000E-01
   294 -0.2781510E-01  0.1218660E+00 -0.6000000E-01
   295 -0.4912810E-01  0.1149410E+00 -0.8000000E-01
   296 -0.4912810E-01  0.1149410E+00 -0.6000000E-01
   297 -0.3862710E-01  0.1188821E+00 -0.8000000E-01
   298 -0.3862710E-01  0.1188821E+00 -0.6000000E-01
   299 -0.5923360E-01  0.1100744E+00 -0.8000000E-01
   300 -0.5923360E-01  0.1100744E+00 -0.6000000E-01
   301 -0.4912810E-01  0.1149410E+00 -0.8000000E-01
   302 -0.4912810E-01  0.1149410E+00 -0.6000000E-01
   303 -0.6886210E-01  0.1043217E+00 -0.8000000E-01
   304 -0.6886210E-01  0.1043217E+00 -0.6000000E-01
   305 -0.5923360E-01  0.1100744E+00 -0.8000000E-01
   306 -0.5923360E-01  0.1100744E+00 -0.6000000E-01
   307 -0.7793620E-01  0.9772890E-01 -0.8000000E-01
   308 -0.7793620E-01  0.9772890E-01 -0.6000000E-01
   309 -0.6886210E-01  0.1043217E+00 -0.8000000E-01
   310 -0.6886210E-01  0.1043217E+00 -0.6000000E-01
   311 -0.8638280E-01  0.9034940E-01 -0.8000000E-01
   312 -0.8638280E-01  0.9034940E-01 -0.6000000E-01
   313 -0.7793620E-01  0.9772890E-01 -0.8000000E-01
   314 -0.7793620E-01  0.9772890E-01 -0.6000000E-01
   315 -0.9413390E-01  0.8224230E-01 -0.8000000E-01
   316 -0.9413390E-01  0.8224230E-01 -0.6000000E-01
   317 -0.8638280E-01  0.9034940E-01 -0.8000000E-01
   318 -0.8638280E-01  0.9034940E-01 -0.6000000E-01
   319 -0.1011271E+00  0.7347320E-01 -0.8000000E-01
   320 -0.1011271E+00  0.7347320E-01 -0.6000000E-01
   321 -0.9413390E-01  0.8224230E-01 -0.8000000E-01
   322 -0.9413390E-01  0.8224230E-01 -0.6000000E-01
   323 -0.1073061E+00  0.6411240E-01 -0.8000000E-01
   324 -0.1073061E+00  0.6411240E-01 -0.6000000E-01
   325 -0.1011271E+00  0.7347320E-01 -0.8000000E-01
   326 -0.1011271E+00  0.7347320E-01 -0.6000000E-01
   327 -0.1126211E+00  0.5423550E-01 -0.8000000E-01
   328 -0.1126211E+00  0.5423550E-01 -0.6000000E-01
   329 -0.1073061E+00  0.6411240E-01 -0.8000000E-01
   330 -0.1073061E+00  0.6411240E-01 -0.6000000E-01
   331 -0.1170294E+00  0.4392190E-01 -0.8000000E-01
   332 -0.1170294E+00  0.4392190E-01 -0.6000000E-01
   333 -0.1126211E+00  0.5423550E-01 -0.8000000E-01
   334 -0.1126211E+00  0.5423550E-01 -0.6000000E-01
   335 -0.1204954E+00  0.3325460E-01 -0.8000000E-01
   336 -0.1204954E+00  0.3325460E-01 -0.6000000E-01
   337 -0.1170294E+00  0.4392190E-01 -0.8000000E-01
   338 -0.1170294E+00  0.4392190E-01 -0.6000000E-01
   339 -0.1229912E+00  0.2231960E-01 -0.8000000E-01
   340 -0.1229912E+00  0.2231960E-01 -0.6000000E-01
   341 -0.1204954E+00  0.3325460E-01 -0.8000000E-01
   342 -0.1204954E+00  0.3325460E-01 -0.6000000E-01
   343 -0.1244968E+00  0.1120490E-01 -0.8000000E-01
   344 -0.1244968E+00  0.1120490E-01 -0.6000000E-01
   345 -0.1229912E+00  0.2231960E-01 -0.8000000E-01
   346 -0.1229912E+00  0.2231960E-01 -0.6000000E-01
   347 -0.1250000E+00  0.0000000E+00 -0.8000000E-01
   348 -0.1250000E+00  0.0000000E+00 -0.6000000E-01
   349 -0.1244968E+00  0.1120490E-01 -0.8000000E-01
   350 -0.1244968E+00  0.1120490E-01 -0.6000000E-01
   351  0.1244968E+00  0.1120490E-01 -0.1200000E+00
   352  0.1244968E+00  0.1120490E-01 -0.1000000E+00
   353  0.1244968E+00  0.1120490E-01 -0.8000000E-01
   354  0.1250000E+00  0.0000000E+00 -0.1200000E+00
   355  0.1250000E+00  0.0000000E+00 -0.1000000E+00
   356  0.1250000E+00  0.0000000E+00 -0.8000000E-01
   357  0.1229912E+00  0.2231960E-01 -0.1200000E+00
   358  0.1229912E+00  0.2231960E-01 -0.1000000E+00
   359  0.1229912E+00  0.2231960E-01 -0.8000000E-01
   360  0.1244968E+00  0.1120490E-01 -0.1200000E+00
   361  0.1244968E+00  0.1120490E-01 -0.1000000E+00
   362  0.1244968E+00  0.1120490E-01 -0.8000000E-01
   363  0.1204954E+00  0.3325460E-01 -0.1200000E+00
   364  0.1204954E+00  0.3325460E-01 -0.1000000E+00
   365  0.1204954E+00  0.3325460E-01 -0.8000000E-01
   366  0.1229912E+00  0.2231960E-01 -0.1200000E+00
   367  0.1229912E+00  0.2231960E-01 -0.1000000E+00
   368  0.1229912E+00  0.2231960E-01 -0.8000000E-01
   369  0.1170294E+00  0.4392190E-01 -0.1200000E+00
   370  0.1170294E+00  0.4392190E-01 -0.1000000E+00
   371  0.1170294E+00  0.4392190E-01 -0.8000000E-01
   372  0.1204954E+00  0.3325460E-01 -0.1200000E+00
   373  0.1204954E+00  0.3325460E-01 -0.1000000E+00
   374  0.1204954E+00  0.3325460E-01 -0.8000000E-01
   375  0.1126211E+00  0.5423550E-01 -0.1200000E+00
   376  0.1126211E+00  0.5423550E-01 -0.1000000E+00
   377  0.1126211E+00  0.5423550E-01 -0.8000000E-01
   378  0.1170294E+00  0.4392190E-01 -0.1200000E+00
   379  0.1170294E+00  0.4392190E-01 -0.1000000E+00
   380  0.1170294E+00  0.4392190E-01 -0.8000000E-01
   381  0.1073061E+00  0.6411240E-01 -0.1200000E+00
   382  0.1073061E+00  0.6411240E-01 -0.1000000E+00
   383  0.1073061E+00  0.6411240E-01 -0.8000000E-01
   384  0.1126211E+00  0.5423550E-01 -0.1200000E+00
   385  0.1126211E+00  0.5423550E-01 -0.1000000E+00
   386  0.1126211E+00  0.5423550E-01 -0.8000000E-01
   387  0.1011271E+00  0.7347320E-01 -0.1200000E+00
   388  0.1011271E+00  0.7347320E-01 -0.1000000E+00
   389  0.1011271E+00  0.7347320E-01 -0.8000000E-01
   390  0.1073061E+00  0.6411240E-01 -0.1200000E+00
   391  0.1073061E+00  0.6411240E-01 -0.1000000E+00
   392  0.1073061E+00  0.6411240E-01 -0.8000000E-01
   393  0.9413390E-01  0.8224230E-01 -0.1200000E+00
   394  0.9413390E-01  0.8224230E-01 -0.1000000E+00
   395  0.9413390E-01  0.8224230E-01 -0.8000000E-01
   396  0.1011271E+00  0.7347320E-01 -0.1200000E+00
   397  0.1011271E+00  0.7347320E-01 -0.1000000E+00
   398  0.1011271E+00  0.7347320E-01 -0.8000000E-01
   399  0.8638280E-01  0.9034940E-01 -0.1200000E+00
   400  0.8638280E-01  0.9034940E-01 -0.1000000E+00
   401  0.8638280E-01  0.9034940E-01 -0.8000000E-01
   402  0.9413390E-01  0.8224230E-01 -0.1200000E+00
   403  0.9413390E-01  0.8224230E-01 -0.1000000E+00
   404  0.9413390E-01  0.8224230E-01 -0.8000000E-01
   405  0.7793620E-01  0.9772890E-01 -0.1200000E+00
   406  0.7793620E-01  0.9772890E-01 -0.1000000E+00
   407  0.7793620E-01  0.9772890E-01 -0.8000000E-01
   408  0.8638280E-01  0.9034940E-01 -0.1200000E+00
   409  0.8638280E-01  0.9034940E-01 -0.1000000E+00
   410  0.8638280E-01  0.9034940E-01 -0.8000000E-01
   411  0.6886210E-01  0.1043217E+00 -0.1200000E+00
   412  0.6886210E-01  0.1043217E+00 -0.1000000E+00
   413  0.6886210E-01  0.1043217E+00 -0.8000000E-01
   414  0.7793620E-01  0.9772890E-01 -0.1200000E+00
   415  0.7793620E-01  0.9772890E-01 -0.1000000E+00
   416  0.7793620E-01  0.9772890E-01 -0.8000000E-01
   417  0.5923360E-01  0.1100744E+00 -0.1200000E+00
   418  0.5923360E-01  0.1100744E+00 -0.1000000E+00
   419  0.5923360E-01  0.1100744E+00 -0.8000000E-01
   420  0.6886210E-01  0.1043217E+00 -0.1200000E+00
   421  0.6886210E-01  0.1043217E+00 -0.1000000E+00
   422  0.6886210E-01  0.1043217E+00 -0.8000000E-01
   423  0.4912810E-01  0.1149410E+00 -0.1200000E+00
   424  0.4912810E-01  0.1149410E+00 -0.1000000E+00
   425  0.4912810E-01  0.1149410E+00 -0.8000000E-01
   426  0.5923360E-01  0.1100744E+00 -0.1200000E+00
   427  0.5923360E-01  0.1100744E+00 -0.1000000E+00
   428  0.5923360E-01  0.1100744E+00 -0.8000000E-01
   429  0.3862710E-01  0.1188821E+00 -0.1200000E+00
   430  0.3862710E-01  0.1188821E+00 -0.1000000E+00
   431  0.3862710E-01  0.1188821E+00 -0.8000000E-01
   432  0.4912810E-01  0.1149410E+00 -0.1200000E+00
   433  0.4912810E-01  0.1149410E+00 -0.1000000E+00
   434  0.4912810E-01  0.1149410E+00 -0.8000000E-01
   435  0.2781510E-01  0.1218660E+00 -0.1200000E+00
   436  0.2781510E-01  0.1218660E+00 -0.1000000E+00
   437  0.2781510E-01  0.1218660E+00 -0.8000000E-01
   438  0.3862710E-01  0.1188821E+00 -0.1200000E+00
   439  0.3862710E-01  0.1188821E+00 -0.1000000E+00
   440  0.3862710E-01  0.1188821E+00 -0.8000000E-01
   441  0.1677920E-01  0.1238687E+00 -0.1200000E+00
   442  0.1677920E-01  0.1238687E+00 -0.1000000E+00
   443  0.1677920E-01  0.1238687E+00 -0.8000000E-01
   444  0.2781510E-01  0.1218660E+00 -0.1200000E+00
   445  0.2781510E-01  0.1218660E+00 -0.1000000E+00
   446  0.2781510E-01  0.1218660E+00 -0.8000000E-01
   447  0.5608100E-02  0.1248741E+00 -0.1200000E+00
   448  0.5608100E-02  0.1248741E+00 -0.1000000E+00
   449  0.5608100E-02  0.1248741E+00 -0.8000000E-01
   450  0.1677920E-01  0.1238687E+00 -0.1200000E+00
   451  0.1677920E-01  0.1238687E+00 -0.1000000E+00
   452  0.1677920E-01  0.1238687E+00 -0.8000000E-01
   453 -0.5608100E-02  0.1248741E+00 -0.1200000E+00
   454 -0.5608100E-02  0.1248741E+00 -0.1000000E+00
   455 -0.5608100E-02  0.1248741E+00 -0.8000000E-01
   456  0.5608100E-02  0.1248741E+00 -0.1200000E+00
   457  0.5608100E-02  0.1248741E+00 -0.1000000E+00
   458  0.5608100E-02  0.1248741E+00 -0.8000000E-01
   459 -0.1677920E-01  0.1238687E+00 -0.1200000E+00
   460 -0.1677920E-01  0.1238687E+00 -0.1000000E+00
   461 -0.1677920E-01  0.1238687E+00 -0.8000000E-01
   462 -0.5608100E-02  0.1248741E+00 -0.1200000E+00
   463 -0.5608100E-02  0.1248741E+00 -0.1000000E+00
   464 -0.5608100E-02  0.1248741E+00 -0.8000000E-01
   465 -0.2781510E-01  0.1218660E+00 -0.1200000E+00
   466 -0.2781510E-01  0.1218660E+00 -0.1000000E+00
   467 -0.2781510E-01  0.1218660E+00 -0.8000000E-01
   468 -0.1677920E-01  0.1238687E+00 -0.1200000E+00
   469 -0.1677920E-01  0.1238687E+00 -0.1000000E+00
   470 -0.1677920E-01  0.1238687E+00 -0.8000000E-01
   471 -0.3862710E-01  0.1188821E+00 -0.1200000E+00
   472 -0.3862710E-01  0.1188821E+00 -0.1000000E+00
   473 -0.3862710E-01  0.1188821E+00 -0.8000000E-01
   474 -0.2781510E-01  0.1218660E+00 -0.1200000E+00
   475 -0.2781510E-01  0.1218660E+00 -0.1000000E+00
   476 -0.2781510E-01  0.1218660E+00 -0.8000000E-01
   477 -0.4912810E-01  0.1149410E+00 -0.1200000E+00
   478 -0.4912810E-01  0.1149410E+00 -0.1000000E+00
   479 -0.4912810E-01  0.1149410E+00 -0.8000000E-01
   480 -0.3862710E-01  0.1188821E+00 -0.1200000E+00
   481 -0.3862710E-01  0.1188821E+00 -0.1000000E+00
   482 -0.3862710E-01  0.1188821E+00 -0.8000000E-01
   483 -0.5923360E-01  0.1100744E+00 -0.1200000E+00
   484 -0.5923360E-01  0.1100744E+00 -0.1000000E+00
   485 -0.5923360E-01  0.1100744E+00 -0.8000000E-01
   486 -0.4912810E-01  0.1149410E+00 -0.1200000E+00
   487 -0.4912810E-01  0.1149410E+00 -0.1000000E+00
   488 -0.4912810E-01  0.1149410E+00 -0.8000000E-01
   489 -0.6886210E-01  0.1043217E+00 -0.1200000E+00
   490 -0.6886210E-01  0.1043217E+00 -0.1000000E+00
   491 -0.6886210E-01  0.1043217E+00 -0.8000000E-01
   492 -0.5923360E-01  0.1100744E+00 -0.1200000E+00
   493 -0.5923360E-01  0.1100744E+00 -0.1000000E+00
   494 -0.5923360E-01  0.1100744E+00 -0.8000000E-01
   495 -0.7793620E-01  0.9772890E-01 -0.1200000E+00
   496 -0.7793620E-01  0.9772890E-01 -0.1000000E+00
   497 -0.7793620E-01  0.9772890E-01 -0.8000000E-01
   498 -0.6886210E-01  0.1043217E+00 -0.1200000E+00
   499 -0.6886210E-01  0.1043217E+00 -0.1000000E+00
   500 -0.6886210E-01  0.1043217E+00 -0.8000000E-01
   501 -0.8638280E-01  0.9034940E-01 -0.1200000E+00
   502 -0.8638280E-01  0.9034940E-01 -0.1000000E+00
   503 -0.8638280E-01  0.9034940E-01 -0.8000000E-01
   504 -0.7793620E-01  0.9772890E-01 -0.1200000E+00
   505 -0.7793620E-01  0.9772890E-01 -0.1000000E+00
   506 -0.7793620E-01  0.9772890E-01 -0.8000000E-01
   507 -0.9413390E-01  0.8224230E-01 -0.1200000E+00
   508 -0.9413390E-01  0.8224230E-01 -0.1000000E+00
   509 -0.9413390E-01  0.8224230E-01 -0.8000000E-01
   510 -0.8638280E-01  0.9034940E-01 -0.1200000E+00
   511 -0.8638280E-01  0.9034940E-01 -0.1000000E+00
   512 -0.8638280E-01  0.9034940E-01 -0.8000000E-01
   513 -0.1011271E+00  0.7347320E-01 -0.1200000E+00
   514 -0.1011271E+00  0.7347320E-01 -0.1000000E+00
   515 -0.1011271E+00  0.7347320E-01 -0.8000000E-01
   516 -0.9413390E-01  0.8224230E-01 -0.1200000E+00
   517 -0.9413390E-01  0.8224230E-01 -0.1000000E+00
   518 -0.9413390E-01  0.8224230E-01 -0.8000000E-01
   519 -0.1073061E+00  0.6411240E-01 -0.1200000E+00
   520 -0.1073061E+00  0.6411240E-01 -0.1000000E+00
   521 -0.1073061E+00  0.6411240E-01 -0.8000000E-01
   522 -0.1011271E+00  0.7347320E-01 -0.1200000E+00
   523 -0.1011271E+00  0.7347320E-01 -0.1000000E+00
   524 -0.1011271E+00  0.7347320E-01 -0.8000000E-01
   525 -0.1126211E+00  0.5423550E-01 -0.1200000E+00
   526 -0.1126211E+00  0.5423550E-01 -0.1000000E+00
   527 -0.1126211E+00  0.5423550E-01 -0.8000000E-01
   528 -0.1073061E+00  0.6411240E-01 -0.1200000E+00
   529 -0.1073061E+00  0.6411240E-01 -0.1000000E+00
   530 -0.1073061E+00  0.6411240E-01 -0.8000000E-01
   531 -0.1170294E+00  0.4392190E-01 -0.1200000E+00
   532 -0.1170294E+00  0.4392190E-01 -0.1000000E+00
   533 -0.1170294E+00  0.4392190E-01 -0.8000000E-01
   534 -0.1126211E+00  0.5423550E-01 -0.1200000E+00
   535 -0.1126211E+00  0.5423550E-01 -0.1000000E+00
   536 -0.1126211E+00  0.5423550E-01 -0.8000000E-01
   537 -0.1204954E+00  0.3325460E-01 -0.1200000E+00
   538 -0.1204954E+00  0.3325460E-01 -0.1000000E+00
   539 -0.1204954E+00  0.3325460E-01 -0.8000000E-01
   540 -0.1170294E+00  0.4392190E-01 -0.1200000E+00
   541 -0.1170294E+00  0.4392190E-01 -0.1000000E+00
   542 -0.1170294E+00  0.4392190E-01 -0.8000000E-01
   543 -0.1229912E+00  0.2231960E-01 -0.1200000E+00
   544 -0.1229912E+00  0.2231960E-01 -0.1000000E+00
   545 -0.1229912E+00  0.2231960E-01 -0.8000000E-01
   546 -0.1204954E+00  0.3325460E-01 -0.1200000E+00
   547 -0.1204954E+00  0.3325460E-01 -0.1000000E+00
   548 -0.1204954E+00  0.3325460E-01 -0.8000000E-01
   549 -0.1244968E+00  0.1120490E-01 -0.1200000E+00
   550 -0.1244968E+00  0.1120490E-01 -0.1000000E+00
   551 -0.1244968E+00  0.1120490E-01 -0.8000000E-01
   552 -0.1229912E+00  0.2231960E-01 -0.1200000E+00
   553 -0.1229912E+00  0.2231960E-01 -0.1000000E+00
   554 -0.1229912E+00  0.2231960E-01 -0.8000000E-01
   555 -0.1250000E+00  0.0000000E+00 -0.1200000E+00
   556 -0.1250000E+00  0.0000000E+00 -0.1000000E+00
   557 -0.1250000E+00  0.0000000E+00 -0.8000000E-01
   558 -0.1244968E+00  0.1120490E-01 -0.1200000E+00
   559 -0.1244968E+00  0.1120490E-01 -0.1000000E+00
   560 -0.1244968E+00  0.1120490E-01 -0.8000000E-01
   561  0.0000000E+00  0.0000000E+00 -0.1200000E+00
   562  0.0000000E+00  0.0000000E+00 -0.1200000E+00
   563  0.2500000E-01  0.0000000E+00 -0.1200000E+00
   564  0.2489940E-01  0.2241000E-02 -0.1200000E+00
   565  0.5000000E-01  0.0000000E+00 -0.1200000E+00
   566  0.4979870E-01  0.4482000E-02 -0.1200000E+00
   567  0.7500000E-01  0.0000000E+00 -0.1200000E+00
   568  0.7469810E-01  0.6722900E-02 -0.1200000E+00
   569  0.1000000E+00  0.0000000E+00 -0.1200000E+00
   570  0.9959740E-01  0.8963900E-02 -0.1200000E+00
   571  0.1250000E+00  0.0000000E+00 -0.1200000E+00
   572  0.1244968E+00  0.1120490E-01 -0.1200000E+00
   573  0.0000000E+00  0.0000000E+00 -0.1200000E+00
   574  0.0000000E+00  0.0000000E+00 -0.1200000E+00
   575  0.2489940E-01  0.2241000E-02 -0.1200000E+00
   576  0.2459820E-01  0.4463900E-02 -0.1200000E+00
   577  0.4979870E-01  0.4482000E-02 -0.1200000E+00
   578  0.4919650E-01  0.8927800E-02 -0.1200000E+00
   579  0.7469810E-01  0.6722900E-02 -0.1200000E+00
   580  0.7379470E-01  0.1339180E-01 -0.1200000E+00
   581  0.9959740E-01  0.8963900E-02 -0.1200000E+00
   582  0.9839300E-01  0.1785570E-01 -0.1200000E+00
   583  0.1244968E+00  0.1120490E-01 -0.1200000E+00
   584  0.1229912E+00  0.2231960E-01 -0.1200000E+00
   585  0.0000000E+00  0.0000000E+00 -0.1200000E+00
   586  0.0000000E+00  0.0000000E+00 -0.1200000E+00
   587  0.2459820E-01  0.4463900E-02 -0.1200000E+00
   588  0.2409910E-01  0.6650900E-02 -0.1200000E+00
   589  0.4919650E-01  0.8927800E-02 -0.1200000E+00
   590  0.4819820E-01  0.1330180E-01 -0.1200000E+00
   591  0.7379470E-01  0.1339180E-01 -0.1200000E+00
   592  0.7229720E-01  0.1995280E-01 -0.1200000E+00
   593  0.9839300E-01  0.1785570E-01 -0.1200000E+00
   594  0.9639630E-01  0.2660370E-01 -0.1200000E+00
   595  0.1229912E+00  0.2231960E-01 -0.1200000E+00
   596  0.1204954E+00  0.3325460E-01 -0.1200000E+00
   597  0.0000000E+00  0.0000000E+00 -0.1200000E+00
   598  0.0000000E+00  0.0000000E+00 -0.1200000E+00
   599  0.2409910E-01  0.6650900E-02 -0.1200000E+00
   600  0.2340590E-01  0.8784400E-02 -0.1200000E+00
   601  0.4819820E-01  0.1330180E-01 -0.1200000E+00
   602  0.4681180E-01  0.1756870E-01 -0.1200000E+00
   603  0.7229720E-01  0.1995280E-01 -0.1200000E+00
   604  0.7021760E-01  0.2635310E-01 -0.1200000E+00
   605  0.9639630E-01  0.2660370E-01 -0.1200000E+00
   606  0.9362350E-01  0.3513750E-01 -0.1200000E+00
   607  0.1204954E+00  0.3325460E-01 -0.1200000E+00
   608  0.1170294E+00  0.4392190E-01 -0.1200000E+00
   609  0.0000000E+00  0.0000000E+00 -0.1200000E+00
   610  0.0000000E+00  0.0000000E+00 -0.1200000E+00
   611  0.2340590E-01  0.8784400E-02 -0.1200000E+00
   612  0.2252420E-01  0.1084710E-01 -0.1200000E+00
   613  0.4681180E-01  0.1756870E-01 -0.1200000E+00
   614  0.4504840E-01  0.2169420E-01 -0.1200000E+00
   615  0.7021760E-01  0.2635310E-01 -0.1200000E+00
   616  0.6757270E-01  0.3254130E-01 -0.1200000E+00
   617  0.9362350E-01  0.3513750E-01 -0.1200000E+00
   618  0.9009690E-01  0.4338840E-01 -0.1200000E+00
   619  0.1170294E+00  0.4392190E-01 -0.1200000E+00
   620  0.1126211E+00  0.5423550E-01 -0.1200000E+00
   621  0.0000000E+00  0.0000000E+00 -0.1200000E+00
   622  0.0000000E+00  0.0000000E+00 -0.1200000E+00
   623  0.2252420E-01  0.1084710E-01 -0.1200000E+00
   624  0.2146120E-01  0.1282250E-01 -0.1200000E+00
   625  0.4504840E-01  0.2169420E-01 -0.1200000E+00
   626  0.4292240E-01  0.2564500E-01 -0.1200000E+00
   627  0.6757270E-01  0.3254130E-01 -0.1200000E+00
   628  0.6438370E-01  0.3846740E-01 -0.1200000E+00
   629  0.9009690E-01  0.4338840E-01 -0.1200000E+00
   630  0.8584490E-01  0.5128990E-01 -0.1200000E+00
   631  0.1126211E+00  0.5423550E-01 -0.1200000E+00
   632  0.1073061E+00  0.6411240E-01 -0.1200000E+00
   633  0.0000000E+00  0.0000000E+00 -0.1200000E+00
   634  0.0000000E+00  0.0000000E+00 -0.1200000E+00
   635  0.2146120E-01  0.1282250E-01 -0.1200000E+00
   636  0.2022540E-01  0.1469460E-01 -0.1200000E+00
   637  0.4292240E-01  0.2564500E-01 -0.1200000E+00
   638  0.4045080E-01  0.2938930E-01 -0.1200000E+00
   639  0.6438370E-01  0.3846740E-01 -0.1200000E+00
   640  0.6067630E-01  0.4408390E-01 -0.1200000E+00
   641  0.8584490E-01  0.5128990E-01 -0.1200000E+00
   642  0.8090170E-01  0.5877850E-01 -0.1200000E+00
   643  0.1073061E+00  0.6411240E-01 -0.1200000E+00
   644  0.1011271E+00  0.7347320E-01 -0.1200000E+00
   645  0.0000000E+00  0.0000000E+00 -0.1200000E+00
   646  0.0000000E+00  0.0000000E+00 -0.1200000E+00
   647  0.2022540E-01  0.1469460E-01 -0.1200000E+00
   648  0.1882680E-01  0.1644850E-01 -0.1200000E+00
   649  0.4045080E-01  0.2938930E-01 -0.1200000E+00
   650  0.3765360E-01  0.3289690E-01 -0.1200000E+00
   651  0.6067630E-01  0.4408390E-01 -0.1200000E+00
   652  0.5648040E-01  0.4934540E-01 -0.1200000E+00
   653  0.8090170E-01  0.5877850E-01 -0.1200000E+00
   654  0.7530710E-01  0.6579390E-01 -0.1200000E+00
   655  0.1011271E+00  0.7347320E-01 -0.1200000E+00
   656  0.9413390E-01  0.8224230E-01 -0.1200000E+00
   657  0.0000000E+00  0.0000000E+00 -0.1200000E+00
   658  0.0000000E+00  0.0000000E+00 -0.1200000E+00
   659  0.1882680E-01  0.1644850E-01 -0.1200000E+00
   660  0.1727660E-01  0.1806990E-01 -0.1200000E+00
   661  0.3765360E-01  0.3289690E-01 -0.1200000E+00
   662  0.3455310E-01  0.3613970E-01 -0.1200000E+00
   663  0.5648040E-01  0.4934540E-01 -0.1200000E+00
   664  0.5182970E-01  0.5420960E-01 -0.1200000E+00
   665  0.7530710E-01  0.6579390E-01 -0.1200000E+00
   666  0.6910630E-01  0.7227950E-01 -0.1200000E+00
   667  0.9413390E-01  0.8224230E-01 -0.1200000E+00
   668  0.8638280E-01  0.9034940E-01 -0.1200000E+00
   669  0.0000000E+00  0.0000000E+00 -0.1200000E+00
   670  0.0000000E+00  0.0000000E+00 -0.1200000E+00
   671  0.1727660E-01  0.1806990E-01 -0.1200000E+00
   672  0.1558720E-01  0.1954580E-01 -0.1200000E+00
   673  0.3455310E-01  0.3613970E-01 -0.1200000E+00
   674  0.3117450E-01  0.3909160E-01 -0.1200000E+00
   675  0.5182970E-01  0.5420960E-01 -0.1200000E+00
   676  0.4676170E-01  0.5863740E-01 -0.1200000E+00
   677  0.6910630E-01  0.7227950E-01 -0.1200000E+00
   678  0.6234900E-01  0.7818320E-01 -0.1200000E+00
   679  0.8638280E-01  0.9034940E-01 -0.1200000E+00
   680  0.7793620E-01  0.9772890E-01 -0.1200000E+00
   681  0.0000000E+00  0.0000000E+00 -0.1200000E+00
   682  0.0000000E+00  0.0000000E+00 -0.1200000E+00
   683  0.1558720E-01  0.1954580E-01 -0.1200000E+00
   684  0.1377240E-01  0.2086430E-01 -0.1200000E+00
   685  0.3117450E-01  0.3909160E-01 -0.1200000E+00
   686  0.2754480E-01  0.4172870E-01 -0.1200000E+00
   687  0.4676170E-01  0.5863740E-01 -0.1200000E+00
   688  0.4131730E-01  0.6259300E-01 -0.1200000E+00
   689  0.6234900E-01  0.7818320E-01 -0.1200000E+00
   690  0.5508970E-01  0.8345740E-01 -0.1200000E+00
   691  0.7793620E-01  0.9772890E-01 -0.1200000E+00
   692  0.6886210E-01  0.1043217E+00 -0.1200000E+00
   693  0.0000000E+00  0.0000000E+00 -0.1200000E+00
   694  0.0000000E+00  0.0000000E+00 -0.1200000E+00
   695  0.1377240E-01  0.2086430E-01 -0.1200000E+00
   696  0.1184670E-01  0.2201490E-01 -0.1200000E+00
   697  0.2754480E-01  0.4172870E-01 -0.1200000E+00
   698  0.2369340E-01  0.4402980E-01 -0.1200000E+00
   699  0.4131730E-01  0.6259300E-01 -0.1200000E+00
   700  0.3554010E-01  0.6604460E-01 -0.1200000E+00
   701  0.5508970E-01  0.8345740E-01 -0.1200000E+00
   702  0.4738690E-01  0.8805950E-01 -0.1200000E+00
   703  0.6886210E-01  0.1043217E+00 -0.1200000E+00
   704  0.5923360E-01  0.1100744E+00 -0.1200000E+00
   705  0.0000000E+00  0.0000000E+00 -0.1200000E+00
   706  0.0000000E+00  0.0000000E+00 -0.1200000E+00
   707  0.1184670E-01  0.2201490E-01 -0.1200000E+00
   708  0.9825600E-02  0.2298820E-01 -0.1200000E+00
   709  0.2369340E-01  0.4402980E-01 -0.1200000E+00
   710  0.1965130E-01  0.4597640E-01 -0.1200000E+00
   711  0.3554010E-01  0.6604460E-01 -0.1200000E+00
   712  0.2947690E-01  0.6896460E-01 -0.1200000E+00
   713  0.4738690E-01  0.8805950E-01 -0.1200000E+00
   714  0.3930250E-01  0.9195280E-01 -0.1200000E+00
   715  0.5923360E-01  0.1100744E+00 -0.1200000E+00
   716  0.4912810E-01  0.1149410E+00 -0.1200000E+00
   717  0.0000000E+00  0.0000000E+00 -0.1200000E+00
   718  0.0000000E+00  0.0000000E+00 -0.1200000E+00
   719  0.9825600E-02  0.2298820E-01 -0.1200000E+00
   720  0.7725400E-02  0.2377640E-01 -0.1200000E+00
   721  0.1965130E-01  0.4597640E-01 -0.1200000E+00
   722  0.1545080E-01  0.4755280E-01 -0.1200000E+00
   723  0.2947690E-01  0.6896460E-01 -0.1200000E+00
   724  0.2317630E-01  0.7132930E-01 -0.1200000E+00
   725  0.3930250E-01  0.9195280E-01 -0.1200000E+00
   726  0.3090170E-01  0.9510570E-01 -0.1200000E+00
   727  0.4912810E-01  0.1149410E+00 -0.1200000E+00
   728  0.3862710E-01  0.1188821E+00 -0.1200000E+00
   729  0.0000000E+00  0.0000000E+00 -0.1200000E+00
   730  0.0000000E+00  0.0000000E+00 -0.1200000E+00
   731  0.7725400E-02  0.2377640E-01 -0.1200000E+00
   732  0.5563000E-02  0.2437320E-01 -0.1200000E+00
   733  0.1545080E-01  0.4755280E-01 -0.1200000E+00
   734  0.1112600E-01  0.4874640E-01 -0.1200000E+00
   735  0.2317630E-01  0.7132930E-01 -0.1200000E+00
   736  0.1668910E-01  0.7311960E-01 -0.1200000E+00
   737  0.3090170E-01  0.9510570E-01 -0.1200000E+00
   738  0.2225210E-01  0.9749280E-01 -0.1200000E+00
   739  0.3862710E-01  0.1188821E+00 -0.1200000E+00
   740  0.2781510E-01  0.1218660E+00 -0.1200000E+00
   741  0.0000000E+00  0.0000000E+00 -0.1200000E+00
   742  0.0000000E+00  0.0000000E+00 -0.1200000E+00
   743  0.5563000E-02  0.2437320E-01 -0.1200000E+00
   744  0.3355800E-02  0.2477370E-01 -0.1200000E+00
   745  0.1112600E-01  0.4874640E-01 -0.1200000E+00
   746  0.6711700E-02  0.4954750E-01 -0.1200000E+00
   747  0.1668910E-01  0.7311960E-01 -0.1200000E+00
   748  0.1006750E-01  0.7432120E-01 -0.1200000E+00
   749  0.2225210E-01  0.9749280E-01 -0.1200000E+00
   750  0.1342330E-01  0.9909500E-01 -0.1200000E+00
   751  0.2781510E-01  0.1218660E+00 -0.1200000E+00
   752  0.1677920E-01  0.1238687E+00 -0.1200000E+00
   753  0.0000000E+00  0.0000000E+00 -0.1200000E+00
   754  0.0000000E+00  0.0000000E+00 -0.1200000E+00
   755  0.3355800E-02  0.2477370E-01 -0.1200000E+00
   756  0.1121600E-02  0.2497480E-01 -0.1200000E+00
   757  0.6711700E-02  0.4954750E-01 -0.1200000E+00
   758  0.2243200E-02  0.4994960E-01 -0.1200000E+00
   759  0.1006750E-01  0.7432120E-01 -0.1200000E+00
   760  0.3364900E-02  0.7492450E-01 -0.1200000E+00
   761  0.1342330E-01  0.9909500E-01 -0.1200000E+00
   762  0.4486500E-02  0.9989930E-01 -0.1200000E+00
   763  0.1677920E-01  0.1238687E+00 -0.1200000E+00
   764  0.5608100E-02  0.1248741E+00 -0.1200000E+00
   765  0.0000000E+00  0.0000000E+00 -0.1200000E+00
   766  0.0000000E+00  0.0000000E+00 -0.1200000E+00
   767  0.1121600E-02  0.2497480E-01 -0.1200000E+00
   768 -0.1121600E-02  0.2497480E-01 -0.1200000E+00
   769  0.2243200E-02  0.4994960E-01 -0.1200000E+00
   770 -0.2243200E-02  0.4994960E-01 -0.1200000E+00
   771  0.3364900E-02  0.7492450E-01 -0.1200000E+00
   772 -0.3364900E-02  0.7492450E-01 -0.1200000E+00
   773  0.4486500E-02  0.9989930E-01 -0.1200000E+00
   774 -0.4486500E-02  0.9989930E-01 -0.1200000E+00
   775  0.5608100E-02  0.1248741E+00 -0.1200000E+00
   776 -0.5608100E-02  0.1248741E+00 -0.1200000E+00
   777  0.0000000E+00  0.0000000E+00 -0.1200000E+00
   778  0.0000000E+00  0.0000000E+00 -0.1200000E+00
   779 -0.1121600E-02  0.2497480E-01 -0.1200000E+00
   780 -0.3355800E-02  0.2477370E-01 -0.1200000E+00
   781 -0.2243200E-02  0.4994960E-01 -0.1200000E+00
   782 -0.6711700E-02  0.4954750E-01 -0.1200000E+00
   783 -0.3364900E-02  0.7492450E-01 -0.1200000E+00
   784 -0.1006750E-01  0.7432120E-01 -0.1200000E+00
   785 -0.4486500E-02  0.9989930E-01 -0.1200000E+00
   786 -0.1342330E-01  0.9909500E-01 -0.1200000E+00
   787 -0.5608100E-02  0.1248741E+00 -0.1200000E+00
   788 -0.1677920E-01  0.1238687E+00 -0.1200000E+00
   789  0.0000000E+00  0.0000000E+00 -0.1200000E+00
   790  0.0000000E+00  0.0000000E+00 -0.1200000E+00
   791 -0.3355800E-02  0.2477370E-01 -0.1200000E+00
   792 -0.5563000E-02  0.2437320E-01 -0.1200000E+00
   793 -0.6711700E-02  0.4954750E-01 -0.1200000E+00
   794 -0.1112600E-01  0.4874640E-01 -0.1200000E+00
   795 -0.1006750E-01  0.7432120E-01 -0.1200000E+00
   796 -0.1668910E-01  0.7311960E-01 -0.1200000E+00
   797 -0.1342330E-01  0.9909500E-01 -0.1200000E+00
   798 -0.2225210E-01  0.9749280E-01 -0.1200000E+00
   799 -0.1677920E-01  0.1238687E+00 -0.1200000E+00
   800 -0.2781510E-01  0.1218660E+00 -0.1200000E+00
   801  0.0000000E+00  0.0000000E+00 -0.1200000E+00
   802  0.0000000E+00  0.0000000E+00 -0.1200000E+00
   803 -0.5563000E-02  0.2437320E-01 -0.1200000E+00
   804 -0.7725400E-02  0.2377640E-01 -0.1200000E+00
   805 -0.1112600E-01  0.4874640E-01 -0.1200000E+00
   806 -0.1545080E-01  0.4755280E-01 -0.1200000E+00
   807 -0.1668910E-01  0.7311960E-01 -0.1200000E+00
   808 -0.2317630E-01  0.7132930E-01 -0.1200000E+00
   809 -0.2225210E-01  0.9749280E-01 -0.1200000E+00
   810 -0.3090170E-01  0.9510570E-01 -0.1200000E+00
   811 -0.2781510E-01  0.1218660E+00 -0.1200000E+00
   812 -0.3862710E-01  0.1188821E+00 -0.1200000E+00
   813  0.0000000E+00  0.0000000E+00 -0.1200000E+00
   814  0.0000000E+00  0.0000000E+00 -0.1200000E+00
   815 -0.7725400E-02  0.2377640E-01 -0.1200000E+00
   816 -0.9825600E-02  0.2298820E-01 -0.1200000E+00
   817 -0.1545080E-01  0.4755280E-01 -0.1200000E+00
   818 -0.1965130E-01  0.4597640E-01 -0.1200000E+00
   819 -0.2317630E-01  0.7132930E-01 -0.1200000E+00
   820 -0.2947690E-01  0.6896460E-01 -0.1200000E+00
   821 -0.3090170E-01  0.9510570E-01 -0.1200000E+00
   822 -0.3930250E-01  0.9195280E-01 -0.1200000E+00
   823 -0.3862710E-01  0.1188821E+00 -0.1200000E+00
   824 -0.4912810E-01  0.1149410E+00 -0.1200000E+00
   825  0.0000000E+00  0.0000000E+00 -0.1200000E+00
   826  0.0000000E+00  0.0000000E+00 -0.1200000E+00
   827 -0.9825600E-02  0.2298820E-01 -0.1200000E+00
   828 -0.1184670E-01  0.2201490E-01 -0.1200000E+00
   829 -0.1965130E-01  0.4597640E-01 -0.1200000E+00
   830 -0.2369340E-01  0.4402980E-01 -0.1200000E+00
   831 -0.2947690E-01  0.6896460E-01 -0.1200000E+00
   832 -0.3554010E-01  0.6604460E-01 -0.1200000E+00
   833 -0.3930250E-01  0.9195280E-01 -0.1200000E+00
   834 -0.4738690E-01  0.8805950E-01 -0.1200000E+00
   835 -0.4912810E-01  0.1149410E+00 -0.1200000E+00
   836 -0.5923360E-01  0.1100744E+00 -0.1200000E+00
   837  0.0000000E+00  0.0000000E+00 -0.1200000E+00
   838  0.0000000E+00  0.0000000E+00 -0.1200000E+00
   839 -0.1184670E-01  0.2201490E-01 -0.1200000E+00
   840 -0.1377240E-01  0.2086430E-01 -0.1200000E+00
   841 -0.2369340E-01  0.4402980E-01 -0.1200000E+00
   842 -0.2754480E-01  0.4172870E-01 -0.1200000E+00
   843 -0.3554010E-01  0.6604460E-01 -0.1200000E+00
   844 -0.4131730E-01  0.6259300E-01 -0.1200000E+00
   845 -0.4738690E-01  0.8805950E-01 -0.1200000E+00
   846 -0.5508970E-01  0.8345740E-01 -0.1200000E+00
   847 -0.5923360E-01  0.1100744E+00 -0.1200000E+00
   848 -0.6886210E-01  0.1043217E+00 -0.1200000E+00
   849  0.0000000E+00  0.0000000E+00 -0.1200000E+00
   850  0.0000000E+00  0.0000000E+00 -0.1200000E+00
   851 -0.1377240E-01  0.2086430E-01 -0.1200000E+00
   852 -0.1558720E-01  0.1954580E-01 -0.1200000E+00
   853 -0.2754480E-01  0.4172870E-01 -0.1200000E+00
   854 -0.3117450E-01  0.3909160E-01 -0.1200000E+00
   855 -0.4131730E-01  0.6259300E-01 -0.1200000E+00
   856 -0.4676170E-01  0.5863740E-01 -0.1200000E+00
   857 -0.5508970E-01  0.8345740E-01 -0.1200000E+00
   858 -0.6234900E-01  0.7818320E-01 -0.1200000E+00
   859 -0.6886210E-01  0.1043217E+00 -0.1200000E+00
   860 -0.7793620E-01  0.9772890E-01 -0.1200000E+00
   861  0.0000000E+00  0.0000000E+00 -0.1200000E+00
   862  0.0000000E+00  0.0000000E+00 -0.1200000E+00
   863 -0.1558720E-01  0.1954580E-01 -0.1200000E+00
   864 -0.1727660E-01  0.1806990E-01 -0.1200000E+00
   865 -0.3117450E-01  0.3909160E-01 -0.1200000E+00
   866 -0.3455310E-01  0.3613970E-01 -0.1200000E+00
   867 -0.4676170E-01  0.5863740E-01 -0.1200000E+00
   868 -0.5182970E-01  0.5420960E-01 -0.1200000E+00
   869 -0.6234900E-01  0.7818320E-01 -0.1200000E+00
   870 -0.6910630E-01  0.7227950E-01 -0.1200000E+00
   871 -0.7793620E-01  0.9772890E-01 -0.1200000E+00
   872 -0.8638280E-01  0.9034940E-01 -0.1200000E+00
   873  0.0000000E+00  0.0000000E+00 -0.1200000E+00
   874  0.0000000E+00  0.0000000E+00 -0.1200000E+00
   875 -0.1727660E-01  0.1806990E-01 -0.1200000E+00
   876 -0.1882680E-01  0.1644850E-01 -0.1200000E+00
   877 -0.3455310E-01  0.3613970E-01 -0.1200000E+00
   878 -0.3765360E-01  0.3289690E-01 -0.1200000E+00
   879 -0.5182970E-01  0.5420960E-01 -0.1200000E+00
   880 -0.5648040E-01  0.4934540E-01 -0.1200000E+00
   881 -0.6910630E-01  0.7227950E-01 -0.1200000E+00
   882 -0.7530710E-01  0.6579390E-01 -0.1200000E+00
   883 -0.8638280E-01  0.9034940E-01 -0.1200000E+00
   884 -0.9413390E-01  0.8224230E-01 -0.1200000E+00
   885  0.0000000E+00  0.0000000E+00 -0.1200000E+00
   886  0.0000000E+00  0.0000000E+00 -0.1200000E+00
   887 -0.1882680E-01  0.1644850E-01 -0.1200000E+00
   888 -0.2022540E-01  0.1469460E-01 -0.1200000E+00
   889 -0.3765360E-01  0.3289690E-01 -0.1200000E+00
   890 -0.4045080E-01  0.2938930E-01 -0.1200000E+00
   891 -0.5648040E-01  0.4934540E-01 -0.1200000E+00
   892 -0.6067630E-01  0.4408390E-01 -0.1200000E+00
   893 -0.7530710E-01  0.6579390E-01 -0.1200000E+00
   894 -0.8090170E-01  0.5877850E-01 -0.1200000E+00
   895 -0.9413390E-01  0.8224230E-01 -0.1200000E+00
   896 -0.1011271E+00  0.7347320E-01 -0.1200000E+00
   897  0.0000000E+00  0.0000000E+00 -0.1200000E+00
   898  0.0000000E+00  0.0000000E+00 -0.1200000E+00
   899 -0.2022540E-01  0.1469460E-01 -0.1200000E+00
   900 -0.2146120E-01  0.1282250E-01 -0.1200000E+00
   901 -0.4045080E-01  0.2938930E-01 -0.1200000E+00
   902 -0.4292240E-01  0.2564500E-01 -0.1200000E+00
   903 -0.6067630E-01  0.4408390E-01 -0.1200000E+00
   904 -0.6438370E-01  0.3846740E-01 -0.1200000E+00
   905 -0.8090170E-01  0.5877850E-01 -0.1200000E+00
   906 -0.8584490E-01  0.5128990E-01 -0.1200000E+00
   907 -0.1011271E+00  0.7347320E-01 -0.1200000E+00
   908 -0.1073061E+00  0.6411240E-01 -0.1200000E+00
   909  0.0000000E+00  0.0000000E+00 -0.1200000E+00
   910  0.0000000E+00  0.0000000E+00 -0.1200000E+00
   911 -0.2146120E-01  0.1282250E-01 -0.1200000E+00
   912 -0.2252420E-01  0.1084710E-01 -0.1200000E+00
   913 -0.4292240E-01  0.2564500E-01 -0.1200000E+00
   914 -0.4504840E-01  0.2169420E-01 -0.1200000E+00
   915 -0.6438370E-01  0.3846740E-01 -0.1200000E+00
   916 -0.6757270E-01  0.3254130E-01 -0.1200000E+00
   917 -0.8584490E-01  0.5128990E-01 -0.1200000E+00
   918 -0.9009690E-01  0.4338840E-01 -0.1200000E+00
   919 -0.1073061E+00  0.6411240E-01 -0.1200000E+00
   920 -0.1126211E+00  0.5423550E-01 -0.1200000E+00
   921  0.0000000E+00  0.0000000E+00 -0.1200000E+00
   922  0.0000000E+00  0.0000000E+00 -0.1200000E+00
   923 -0.2252420E-01  0.1084710E-01 -0.1200000E+00
   924 -0.2340590E-01  0.8784400E-02 -0.1200000E+00
   925 -0.4504840E-01  0.2169420E-01 -0.1200000E+00
   926 -0.4681180E-01  0.1756870E-01 -0.1200000E+00
   927 -0.6757270E-01  0.3254130E-01 -0.1200000E+00
   928 -0.7021760E-01  0.2635310E-01 -0.1200000E+00
   929 -0.9009690E-01  0.4338840E-01 -0.1200000E+00
   930 -0.9362350E-01  0.3513750E-01 -0.1200000E+00
   931 -0.1126211E+00  0.5423550E-01 -0.1200000E+00
   932 -0.1170294E+00  0.4392190E-01 -0.1200000E+00
   933  0.0000000E+00  0.0000000E+00 -0.1200000E+00
   934  0.0000000E+00  0.0000000E+00 -0.1200000E+00
   935 -0.2340590E-01  0.8784400E-02 -0.1200000E+00
   936 -0.2409910E-01  0.6650900E-02 -0.1200000E+00
   937 -0.4681180E-01  0.1756870E-01 -0.1200000E+00
   938 -0.4819820E-01  0.1330180E-01 -0.1200000E+00
   939 -0.7021760E-01  0.2635310E-01 -0.1200000E+00
   940 -0.7229720E-01  0.1995280E-01 -0.1200000E+00
   941 -0.9362350E-01  0.3513750E-01 -0.1200000E+00
   942 -0.9639630E-01  0.2660370E-01 -0.1200000E+00
   943 -0.1170294E+00  0.4392190E-01 -0.1200000E+00
   944 -0.1204954E+00  0.3325460E-01 -0.1200000E+00
   945  0.0000000E+00  0.0000000E+00 -0.1200000E+00
   946  0.0000000E+00  0.0000000E+00 -0.1200000E+00
   947 -0.2409910E-01  0.6650900E-02 -0.1200000E+00
   948 -0.2459820E-01  0.4463900E-02 -0.1200000E+00
   949 -0.4819820E-01  0.1330180E-01 -0.1200000E+00
   950 -0.4919650E-01  0.8927800E-02 -0.1200000E+00
   951 -0.7229720E-01  0.1995280E-01 -0.1200000E+00
   952 -0.7379470E-01  0.1339180E-01 -0.1200000E+00
   953 -0.9639630E-01  0.2660370E-01 -0.1200000E+00
   954 -0.9839300E-01  0.1785570E-01 -0.1200000E+00
   955 -0.1204954E+00  0.3325460E-01 -0.1200000E+00
   956 -0.1229912E+00  0.2231960E-01 -0.1200000E+00
   957  0.0000000E+00  0.0000000E+00 -0.1200000E+00
   958  0.0000000E+00  0.0000000E+00 -0.1200000E+00
   959 -0.2459820E-01  0.4463900E-02 -0.1200000E+00
   960 -0.2489940E-01  0.2241000E-02 -0.1200000E+00
   961 -0.4919650E-01  0.8927800E-02 -0.1200000E+00
   962 -0.4979870E-01  0.4482000E-02 -0.1200000E+00
   963 -0.7379470E-01  0.1339180E-01 -0.1200000E+00
   964 -0.7469810E-01  0.6722900E-02 -0.1200000E+00
   965 -0.9839300E-01  0.1785570E-01 -0.1200000E+00
   966 -0.9959740E-01  0.8963900E-02 -0.1200000E+00
   967 -0.1229912E+00  0.2231960E-01 -0.1200000E+00
   968 -0.1244968E+00  0.1120490E-01 -0.1200000E+00
   969  0.0000000E+00  0.0000000E+00 -0.1200000E+00
   970  0.0000000E+00  0.0000000E+00 -0.1200000E+00
   971 -0.2489940E-01  0.2241000E-02 -0.1200000E+00
   972 -0.2500000E-01  0.0000000E+00 -0.1200000E+00
   973 -0.4979870E-01  0.4482000E-02 -0.1200000E+00
   974 -0.5000000E-01  0.0000000E+00 -0.1200000E+00
   975 -0.7469810E-01  0.6722900E-02 -0.1200000E+00
   976 -0.7500000E-01  0.0000000E+00 -0.1200000E+00
   977 -0.9959740E-01  0.8963900E-02 -0.1200000E+00
   978 -0.1000000E+00  0.0000000E+00 -0.1200000E+00
   979 -0.1244968E+00  0.1120490E-01 -0.1200000E+00
   980 -0.1250000E+00  0.0000000E+00 -0.1200000E+00
     0  0.0000000E+00  0.0000000E+00  0.0000000E+00
      1      2      5      4
      2      3      6      5
      7      8     11     10
      8      9     12     11
     13     14     17     16
     14     15     18     17
     19     20     23     22
     20     21     24     23
     25     26     29     28
     26     27     30     29
     31     32     35     34
     32     33     36     35
     37     38     41     40
     38     39     42     41
     43     44     47     46
     44     45     48     47
     49     50     53     52
     50     51     54     53
     55     56     59     58
     56     57     60     59
     61     62     65     64
     62     63     66     65
     67     68     71     70
     68     69     72     71
     73     74     77     76
     74     75     78     77
     79     80     83     82
     80     81     84     83
     85     86     89     88
     86     87     90     89
     91     92     95     94
     92     93     96     95
     97     98    101    100
     98     99    102    101
    103    104    107    106
    104    105    108    107
    109    110    113    112
    110    111    114    113
    115    116    119    118
    116    117    120    119
    121    122    125    124
    122    123    126    125
    127    128    131    130
    128    129    132    131
    133    134    137    136
    134    135    138    137
    139    140    143    142
    140    141    144    143
    145    146    149    148
    146    147    150    149
    151    152    155    154
    152    153    156    155
    157    158    161    160
    158    159    162    161
    163    164    167    166
    164    165    168    167
    169    170    173    172
    170    171    174    173
    175    176    179    178
    176    177    180    179
    181    182    185    184
    182    183    186    185
    187    188    191    190
    188    189    192    191
    193    194    197    196
    194    195    198    197
    199    200    203    202
    200    201    204    203
    205    206    209    208
    206    207    210    209
    211    212    214    213
    215    216    218    217
    219    220    222    221
    223    224    226    225
    227    228    230    229
    231    232    234    233
    235    236    238    237
    239    240    242    241
    243    244    246    245
    247    248    250    249
    251    252    254    253
    255    256    258    257
    259    260    262    261
    263    264    266    265
    267    268    270    269
    271    272    274    273
    275    276    278    277
    279    280    282    281
    283    284    286    285
    287    288    290    289
    291    292    294    293
    295    296    298    297
    299    300    302    301
    303    304    306    305
    307    308    310    309
    311    312    314    313
    315    316    318    317
    319    320    322    321
    323    324    326    325
    327    328    330    329
    331    332    334    333
    335    336    338    337
    339    340    342    341
    343    344    346    345
    347    348    350    349
    351    352    355    354
    352    353    356    355
    357    358    361    360
    358    359    362    361
    363    364    367    366
    364    365    368    367
    369    370    373    372
    370    371    374    373
    375    376    379    378
    376    377    380    379
    381    382    385    384
    382    383    386    385
    387    388    391    390
    388    389    392    391
    393    394    397    396
    394    395    398    397
    399    400    403    402
    400    401    404    403
    405    406    409    408
    406    407    410    409
    411    412    415    414
    412    413    416    415
    417    418    421    420
    418    419    422    421
    423    424    427    426
    424    425    428    427
    429    430    433    432
    430    431    434    433
    435    436    439    438
    436    437    440    439
    441    442    445    444
    442    443    446    445
    447    448    451    450
    448    449    452    451
    453    454    457    456
    454    455    458    457
    459    460    463    462
    460    461    464    463
    465    466    469    468
    466    467    470    469
    471    472    475    474
    472    473    476    475
    477    478    481    480
    478    479    482    481
    483    484    487    486
    484    485    488    487
    489    490    493    492
    490    491    494    493
    495    496    499    498
    496    497    500    499
    501    502    505    504
    502    503    506    505
    507    508    511    510
    508    509    512    511
    513    514    517    516
    514    515    518    517
    519    520    523    522
    520    521    524    523
    525    526    529    528
    526    527    530    529
    531    532    535    534
    532    533    536    535
    537    538    541    540
    538    539    542    541
    543    544    547    546
    544    545    548    547
    549    550    553    552
    550    551    554    553
    555    556    559    558
    556    557    560    559
    561    562    564    563
    563    564    566    565
    565    566    568    567
    567    568    570    569
    569    570    572    571
    573    574    576    575
    575    576    578    577
    577    578    580    579
    579    580    582    581
    581    582    584    583
    585    586    588    587
    587    588    590    589
    589    590    592    591
    591    592    594    593
    593    594    596    595
    597    598    600    599
    599    600    602    601
    601    602    604    603
    603    604    606    605
    605    606    608    607
    609    610    612    611
    611    612    614    613
    613    614    616    615
    615    616    618    617
    617    618    620    619
    621    622    624    623
    623    624    626    625
    625    626    628    627
    627    628    630    629
    629    630    632    631
    633    634    636    635
    635    636    638    637
    637    638    640    639
    639    640    642    641
    641    642    644    643
    645    646    648    647
    647    648    650    649
    649    650    652    651
    651    652    654    653
    653    654    656    655
    657    658    660    659
    659    660    662    661
    661    662    664    663
    663    664    666    665
    665    666    668    667
    669    670    672    671
    671    672    674    673
    673    674    676    675
    675    676    678    677
    677    678    680    679
    681    682    684    683
    683    684    686    685
    685    686    688    687
    687    688    690    689
    689    690    692    691
    693    694    696    695
    695    696    698    697
    697    698    700    699
    699    700    702    701
    701    702    704    703
    705    706    708    707
    707    708    710    709
    709    710    712    711
    711    712    714    713
    713    714    716    715
    717    718    720    719
    719    720    722    721
    721    722    724    723
    723    724    726    725
    725    726    728    727
    729    730    732    731
    731    732    734    733
    733    734    736    735
    735    736    738    737
    737    738    740    739
    741    742    744    743
    743    744    746    745
    745    746    748    747
    747    748    750    749
    749    750    752    751
    753    754    756    755
    755    756    758    757
    757    758    760    759
    759    760    762    761
    761    762    764    763
    765    766    768    767
    767    768    770    769
    769    770    772    771
    771    772    774    773
    773    774    776    775
    777    778    780    779
    779    780    782    781
    781    782    784    783
    783    784    786    785
    785    786    788    787
    789    790    792    791
    791    792    794    793
    793    794    796    795
    795    796    798    797
    797    798    800    799
    801    802    804    803
    803    804    806    805
    805    806    808    807
    807    808    810    809
    809    810    812    811
    813    814    816    815
    815    816    818    817
    817    818    820    819
    819    820    822    821
    821    822    824    823
    825    826    828    827
    827    828    830    829
    829    830    832    831
    831    832    834    833
    833    834    836    835
    837    838    840    839
    839    840    842    841
    841    842    844    843
    843    844    846    845
    845    846    848    847
    849    850    852    851
    851    852    854    853
    853    854    856    855
    855    856    858    857
    857    858    860    859
    861    862    864    863
    863    864    866    865
    865    866    868    867
    867    868    870    869
    869    870    872    871
    873    874    876    875
    875    876    878    877
    877    878    880    879
    879    880    882    881
    881    882    884    883
    885    886    888    887
    887    888    890    889
    889    890    892    891
    891    892    894    893
    893    894    896    895
    897    898    900    899
    899    900    902    901
    901    902    904    903
    903    904    906    905
    905    906    908    907
    909    910    912    911
    911    912    914    913
    913    914    916    915
    915    916    918    917
    917    918    920    919
    921    922    924    923
    923    924    926    925
    925    926    928    927
    927    928    930    929
    929    930    932    931
    933    934    936    935
    935    936    938    937
    937    938    940    939
    939    940    942    941
    941    942    944    943
    945    946    948    947
    947    948    950    949
    949    950    952    951
    951    952    954    953
    953    954    956    955
    957    958    960    959
    959    960    962    961
    961    962    964    963
    963    964    966    965
    965    966    968    967
    969    970    972    971
    971    972    974    973
    973    974    976    975
    975    976    978    977
    977    978    980    979
      0      0      0      0
