Nb de periode :    21
 3.0000
  0.376928E+01  0.283277E-07 -0.795970E-06 -0.885241E-09 -0.391157E+00  0.148030E-14
 -0.197130E-07  0.376928E+01 -0.219443E-07  0.391156E+00 -0.169772E-10  0.694428E-09
 -0.139698E-06  0.626120E-06  0.458030E+01  0.459938E-07 -0.459452E-07  0.162833E-14
  0.290068E-08  0.392449E+00 -0.429607E-08  0.480907E-01  0.101219E-09  0.727034E-10
 -0.392449E+00  0.274546E-08  0.703415E-07  0.120982E-09  0.480908E-01 -0.629126E-15
  0.138778E-14  0.702989E-09  0.234477E-15  0.729883E-10 -0.519080E-15  0.998240E-13
 3.1000
  0.378241E+01  0.758577E-08 -0.242745E-06  0.166173E-08 -0.392543E+00  0.687622E-14
 -0.465661E-08  0.378241E+01 -0.239966E-07  0.392543E+00 -0.131202E-08  0.697000E-09
 -0.823169E-07 -0.405876E-06  0.456418E+01 -0.110407E-07 -0.548279E-07  0.429764E-15
 -0.309815E-09  0.393654E+00  0.671977E-08  0.482507E-01  0.205461E-09  0.729131E-10
 -0.393654E+00 -0.920057E-09  0.578544E-07  0.610700E-10  0.482508E-01 -0.214882E-15
  0.120692E-13  0.705953E-09  0.805807E-16  0.732867E-10 -0.423189E-16  0.997445E-13
 3.2000
  0.379569E+01 -0.529690E-07 -0.105938E-06  0.198725E-08 -0.393707E+00  0.527356E-14
  0.115688E-07  0.379569E+01 -0.203363E-07  0.393707E+00  0.577529E-09  0.699511E-09
 -0.344589E-06 -0.430591E-06  0.453129E+01 -0.102500E-07  0.176078E-07 -0.555112E-15
 -0.149157E-08  0.394877E+00  0.308283E-08  0.483316E-01 -0.144280E-09  0.731248E-10
 -0.394878E+00  0.246473E-08 -0.374405E-07  0.258771E-09  0.483317E-01 -0.416334E-15
 -0.647052E-14  0.708590E-09  0.227411E-15  0.734888E-10 -0.927670E-16  0.997670E-13
 3.3000
  0.382052E+01 -0.167215E-07 -0.726996E-06  0.264580E-09 -0.396120E+00  0.110349E-13
 -0.225775E-08  0.382052E+01 -0.329491E-07  0.396119E+00  0.366003E-09  0.704161E-09
 -0.330761E-06  0.237064E-07  0.449763E+01 -0.165715E-07 -0.187676E-07 -0.942007E-15
 -0.208136E-08  0.397409E+00  0.103601E-09  0.485632E-01 -0.103331E-09  0.736219E-10
 -0.397410E+00 -0.643812E-09  0.459535E-07 -0.198139E-09  0.485633E-01 -0.370074E-15
 -0.578662E-14  0.713250E-09  0.116174E-15  0.739565E-10 -0.183769E-14  0.997636E-13
 3.4000
  0.384879E+01 -0.890235E-08 -0.700683E-06  0.920195E-09 -0.398952E+00  0.835933E-14
 -0.609468E-08  0.384879E+01 -0.163666E-07  0.398950E+00  0.629156E-09  0.709234E-09
 -0.212013E-06 -0.940362E-06  0.446690E+01  0.130710E-07 -0.231461E-07  0.169799E-14
 -0.641996E-09  0.400317E+00  0.476027E-08  0.488543E-01  0.244180E-09  0.741626E-10
 -0.400317E+00  0.924475E-09  0.152742E-07  0.179575E-09  0.488544E-01  0.653072E-16
  0.622051E-14  0.718137E-09 -0.278831E-15  0.744630E-10 -0.104960E-14  0.997040E-13
 3.5000
  0.387643E+01  0.103111E-07 -0.792955E-06 -0.375024E-08 -0.401581E+00 -0.152259E-14
 -0.831538E-08  0.387642E+01  0.120407E-07  0.401580E+00 -0.490607E-09  0.713969E-09
 -0.708870E-06 -0.117347E-06  0.443945E+01  0.198738E-07 -0.149012E-07  0.507531E-15
 -0.189591E-08  0.402877E+00 -0.290700E-08  0.491065E-01  0.196623E-09  0.746060E-10
 -0.402878E+00 -0.248630E-08 -0.155208E-06 -0.312072E-09  0.491067E-01  0.380648E-15
 -0.406024E-14  0.723069E-09 -0.349423E-15  0.749395E-10  0.167277E-17  0.996909E-13
 3.6000
  0.390386E+01 -0.225716E-07  0.592942E-06  0.145519E-09 -0.404319E+00 -0.320731E-14
 -0.166862E-07  0.390386E+01 -0.136368E-06  0.404318E+00  0.155220E-08  0.718699E-09
 -0.134214E-05 -0.709584E-06  0.441649E+01 -0.190388E-07 -0.161688E-07  0.160366E-14
  0.242532E-09  0.405487E+00  0.129764E-08  0.493992E-01 -0.408436E-09  0.750250E-10
 -0.405488E+00 -0.533570E-09 -0.399669E-06 -0.291678E-09  0.493994E-01  0.925186E-16
  0.292976E-15  0.727938E-09 -0.308395E-16  0.754100E-10  0.785625E-15  0.997348E-13
 3.7000
  0.392952E+01  0.104459E-07 -0.289969E-06 -0.287105E-09 -0.406603E+00  0.240048E-14
 -0.394554E-07  0.392952E+01  0.619204E-07  0.406603E+00 -0.225751E-08  0.723280E-09
 -0.905648E-06  0.191267E-06  0.437551E+01 -0.156925E-07  0.290724E-07  0.360072E-15
 -0.432624E-09  0.407867E+00  0.165872E-08  0.495794E-01 -0.138875E-09  0.754417E-10
 -0.407868E+00  0.888847E-09 -0.206739E-06 -0.254766E-09  0.495795E-01 -0.900181E-16
 -0.378076E-14  0.732823E-09  0.848608E-16  0.758241E-10 -0.764685E-15  0.998741E-13
 3.8000
  0.395590E+01  0.496297E-08  0.111269E-06  0.195302E-09 -0.409168E+00  0.140239E-14
 -0.355373E-08  0.395590E+01  0.179525E-07  0.409167E+00 -0.493999E-09  0.728334E-09
 -0.948479E-06  0.208629E-07  0.433657E+01  0.267219E-07  0.220576E-07 -0.140239E-14
 -0.413581E-09  0.410484E+00  0.667880E-08  0.498253E-01  0.218997E-10  0.759484E-10
 -0.410485E+00 -0.773549E-09 -0.227498E-06 -0.418397E-10  0.498254E-01  0.292164E-15
 -0.277556E-14  0.737578E-09 -0.598023E-16  0.763027E-10 -0.409001E-15  0.998664E-13
 3.9000
  0.398104E+01 -0.250741E-07 -0.373962E-06 -0.302232E-09 -0.411748E+00  0.296059E-14
  0.229249E-07  0.398104E+01 -0.671627E-08  0.411747E+00  0.148131E-08  0.733070E-09
 -0.425543E-06 -0.118296E-06  0.430011E+01 -0.143803E-07 -0.472825E-07  0.000000E+00
  0.181339E-08  0.413088E+00 -0.775403E-09  0.500920E-01 -0.800035E-10  0.764442E-10
 -0.413089E+00  0.294023E-08 -0.896435E-07 -0.347328E-10  0.500921E-01 -0.142336E-15
 -0.395695E-14  0.742357E-09  0.700561E-16  0.768073E-10 -0.277567E-14  0.997893E-13
 4.0000
  0.400444E+01  0.302680E-08  0.279397E-08  0.964064E-09 -0.414101E+00 -0.444089E-15
  0.121654E-07  0.400444E+01  0.704895E-07  0.414100E+00  0.258296E-09  0.737367E-09
 -0.223052E-06  0.661152E-06  0.426669E+01 -0.836008E-08  0.279397E-07 -0.388578E-14
 -0.327418E-09  0.415368E+00 -0.951104E-09  0.503300E-01  0.173600E-09  0.768930E-10
 -0.415369E+00 -0.443833E-09  0.207547E-07  0.110589E-09  0.503301E-01  0.277556E-16
 -0.806299E-14  0.746718E-09  0.594143E-16  0.772535E-10 -0.104842E-15  0.997658E-13
 4.1000
  0.403593E+01  0.704171E-08 -0.189899E-06 -0.115705E-08 -0.417219E+00  0.121312E-13
 -0.118119E-07  0.403592E+01 -0.996629E-07  0.417219E+00  0.114641E-08  0.742944E-09
 -0.212614E-06  0.717658E-06  0.423739E+01 -0.210825E-07  0.386158E-08 -0.108314E-15
  0.212955E-08  0.418416E+00  0.235260E-08  0.506490E-01  0.440329E-10  0.774133E-10
 -0.418417E+00  0.478439E-08  0.730435E-08 -0.996701E-10  0.506490E-01 -0.352022E-15
  0.161118E-14  0.752334E-09 -0.211552E-15  0.778047E-10  0.253545E-14  0.997548E-13
 4.2000
  0.406948E+01 -0.149122E-07 -0.329954E-06  0.245650E-08 -0.420435E+00  0.845884E-14
 -0.188482E-07  0.406948E+01 -0.733139E-07  0.420435E+00  0.105675E-08  0.748862E-09
  0.740623E-07 -0.108183E-06  0.420296E+01  0.201371E-07 -0.421313E-08 -0.126883E-14
  0.305590E-08  0.421623E+00 -0.814431E-09  0.509581E-01 -0.140674E-09  0.779413E-10
 -0.421624E+00  0.160071E-08  0.590149E-07 -0.173995E-09  0.509581E-01 -0.343640E-15
 -0.163890E-14  0.758405E-09  0.326293E-16  0.783627E-10 -0.711546E-15  0.997773E-13
 4.3000
  0.410627E+01 -0.115874E-07  0.168938E-05  0.104909E-09 -0.423865E+00 -0.103277E-13
  0.135367E-07  0.410627E+01  0.757782E-07  0.423864E+00  0.314727E-09  0.755531E-09
  0.168504E-06  0.173811E-07  0.416048E+01 -0.443326E-08  0.216587E-09  0.206553E-15
 -0.171916E-08  0.425175E+00  0.475052E-08  0.512658E-01  0.170821E-09  0.785827E-10
 -0.425176E+00 -0.615918E-09 -0.119969E-06 -0.516879E-10  0.512658E-01 -0.645478E-15
 -0.121350E-14  0.765263E-09 -0.171859E-15  0.789945E-10  0.274984E-14  0.998055E-13
 4.4000
  0.414519E+01  0.121707E-08  0.194138E-05  0.114762E-08 -0.427644E+00  0.201859E-14
  0.213781E-07  0.414518E+01  0.419095E-07  0.427643E+00  0.106494E-08  0.762464E-09
 -0.321730E-06 -0.726008E-07  0.411989E+01 -0.203264E-07  0.543977E-07 -0.908364E-15
 -0.546358E-08  0.429031E+00 -0.530669E-08  0.516314E-01  0.445962E-10  0.792860E-10
 -0.429032E+00 -0.787126E-09 -0.182977E-06 -0.190115E-09  0.516314E-01 -0.353253E-15
  0.137516E-14  0.772429E-09 -0.760913E-16  0.797021E-10  0.156514E-14  0.997533E-13
 4.5000
  0.418485E+01  0.180573E-07  0.359697E-05  0.840777E-10 -0.431577E+00 -0.651331E-14
 -0.517401E-09  0.418485E+01 -0.595012E-08  0.431577E+00  0.168155E-09  0.769494E-09
 -0.384947E-06 -0.299782E-06  0.408199E+01  0.231537E-08  0.227657E-07  0.167767E-14
 -0.248353E-08  0.433015E+00 -0.735478E-09  0.520265E-01  0.322542E-09  0.800181E-10
 -0.433016E+00  0.161041E-08 -0.394777E-06  0.337473E-09  0.520265E-01  0.246716E-16
  0.379943E-14  0.779336E-09 -0.732439E-16  0.804021E-10  0.410407E-15  0.998023E-13
 4.6000
  0.422227E+01 -0.164500E-07  0.535389E-05  0.629529E-09 -0.435245E+00 -0.308932E-14
  0.167031E-07  0.422227E+01  0.367974E-07  0.435245E+00  0.545697E-08  0.776111E-09
 -0.514657E-06  0.642891E-06  0.404704E+01 -0.152479E-08  0.323938E-08  0.164120E-14
  0.110088E-08  0.436644E+00  0.862043E-09  0.523897E-01  0.176561E-09  0.806563E-10
 -0.436644E+00 -0.297365E-09 -0.640803E-06  0.127107E-09  0.523898E-01  0.289623E-15
 -0.736126E-15  0.786167E-09  0.117660E-15  0.810815E-10 -0.271946E-15  0.998276E-13
 4.7000
  0.425949E+01 -0.227877E-07  0.444578E-05 -0.287013E-08 -0.438900E+00  0.529128E-14
  0.354200E-07  0.425949E+01  0.849832E-07  0.438899E+00 -0.180506E-08  0.782589E-09
 -0.103833E-06 -0.406215E-08  0.401523E+01  0.721403E-08  0.317046E-07  0.944871E-16
  0.520154E-09  0.440207E+00 -0.869245E-09  0.527535E-01 -0.177932E-09  0.812938E-10
 -0.440207E+00 -0.198154E-09 -0.452837E-06  0.338642E-11  0.527536E-01 -0.108660E-14
  0.132518E-13  0.792851E-09  0.358017E-16  0.817390E-10  0.188928E-15  0.998950E-13
 4.8000
  0.429509E+01 -0.374469E-07  0.144510E-05 -0.385019E-08 -0.442478E+00 -0.185037E-14
  0.669388E-08  0.429508E+01  0.100651E-07  0.442478E+00 -0.154614E-08  0.788829E-09
 -0.192861E-06  0.836008E-07  0.398682E+01  0.642710E-09  0.504466E-07 -0.925186E-16
 -0.272848E-09  0.443654E+00  0.170606E-08  0.531277E-01 -0.362850E-10  0.818702E-10
 -0.443655E+00 -0.121266E-09 -0.105423E-06  0.980549E-10  0.531278E-01  0.300685E-15
 -0.473001E-14  0.799123E-09  0.227682E-16  0.823585E-10 -0.176002E-15  0.998769E-13
 4.9000
  0.432822E+01  0.152053E-07 -0.108870E-05 -0.131264E-08 -0.445554E+00  0.543783E-14
 -0.262291E-07  0.432821E+01 -0.116415E-08  0.445553E+00  0.338555E-09  0.794788E-09
 -0.576280E-06  0.114372E-06  0.394399E+01  0.323112E-08  0.484668E-07  0.271891E-15
  0.231049E-08  0.446786E+00  0.683420E-08  0.533882E-01  0.147282E-09  0.824069E-10
 -0.446786E+00 -0.647412E-09  0.124760E-06  0.208813E-09  0.533883E-01  0.226576E-16
 -0.355725E-14  0.805104E-09 -0.757614E-16  0.828859E-10 -0.605604E-16  0.998664E-13
 5.0000
  0.436249E+01 -0.189058E-07 -0.205413E-05 -0.126602E-08 -0.448927E+00 -0.497380E-14
  0.000000E+00  0.436247E+01 -0.266824E-07  0.448925E+00 -0.506407E-09  0.801389E-09
 -0.857189E-06 -0.121491E-06  0.390421E+01 -0.212283E-07  0.687316E-07 -0.293099E-14
  0.238069E-08  0.450184E+00 -0.915679E-09  0.537158E-01 -0.125192E-09  0.830837E-10
 -0.450185E+00 -0.161817E-08  0.492204E-07 -0.255204E-09  0.537160E-01 -0.888178E-15
 -0.859313E-14  0.811741E-09 -0.818789E-16  0.835519E-10  0.104612E-14  0.998940E-13
