  2   1
     1  0.1493961E+00  0.1344590E-01 -0.1200000E+00
     2  0.1493961E+00  0.1344590E-01  0.0000000E+00
     3  0.1500000E+00  0.0000000E+00 -0.1200000E+00
     4  0.1500000E+00  0.0000000E+00  0.0000000E+00
     5  0.1475894E+00  0.2678350E-01 -0.1200000E+00
     6  0.1475894E+00  0.2678350E-01  0.0000000E+00
     7  0.1493961E+00  0.1344590E-01 -0.1200000E+00
     8  0.1493961E+00  0.1344590E-01  0.0000000E+00
     9  0.1445944E+00  0.3990550E-01 -0.1200000E+00
    10  0.1445944E+00  0.3990550E-01  0.0000000E+00
    11  0.1475894E+00  0.2678350E-01 -0.1200000E+00
    12  0.1475894E+00  0.2678350E-01  0.0000000E+00
    13  0.1404352E+00  0.5270620E-01 -0.1200000E+00
    14  0.1404352E+00  0.5270620E-01  0.0000000E+00
    15  0.1445944E+00  0.3990550E-01 -0.1200000E+00
    16  0.1445944E+00  0.3990550E-01  0.0000000E+00
    17  0.1351453E+00  0.6508260E-01 -0.1200000E+00
    18  0.1351453E+00  0.6508260E-01  0.0000000E+00
    19  0.1404352E+00  0.5270620E-01 -0.1200000E+00
    20  0.1404352E+00  0.5270620E-01  0.0000000E+00
    21  0.1287673E+00  0.7693490E-01 -0.1200000E+00
    22  0.1287673E+00  0.7693490E-01  0.0000000E+00
    23  0.1351453E+00  0.6508260E-01 -0.1200000E+00
    24  0.1351453E+00  0.6508260E-01  0.0000000E+00
    25  0.1213525E+00  0.8816780E-01 -0.1200000E+00
    26  0.1213525E+00  0.8816780E-01  0.0000000E+00
    27  0.1287673E+00  0.7693490E-01 -0.1200000E+00
    28  0.1287673E+00  0.7693490E-01  0.0000000E+00
    29  0.1129607E+00  0.9869080E-01 -0.1200000E+00
    30  0.1129607E+00  0.9869080E-01  0.0000000E+00
    31  0.1213525E+00  0.8816780E-01 -0.1200000E+00
    32  0.1213525E+00  0.8816780E-01  0.0000000E+00
    33  0.1036594E+00  0.1084192E+00 -0.1200000E+00
    34  0.1036594E+00  0.1084192E+00  0.0000000E+00
    35  0.1129607E+00  0.9869080E-01 -0.1200000E+00
    36  0.1129607E+00  0.9869080E-01  0.0000000E+00
    37  0.9352350E-01  0.1172747E+00 -0.1200000E+00
    38  0.9352350E-01  0.1172747E+00  0.0000000E+00
    39  0.1036594E+00  0.1084192E+00 -0.1200000E+00
    40  0.1036594E+00  0.1084192E+00  0.0000000E+00
    41  0.8263460E-01  0.1251860E+00 -0.1200000E+00
    42  0.8263460E-01  0.1251860E+00  0.0000000E+00
    43  0.9352350E-01  0.1172747E+00 -0.1200000E+00
    44  0.9352350E-01  0.1172747E+00  0.0000000E+00
    45  0.7108030E-01  0.1320893E+00 -0.1200000E+00
    46  0.7108030E-01  0.1320893E+00  0.0000000E+00
    47  0.8263460E-01  0.1251860E+00 -0.1200000E+00
    48  0.8263460E-01  0.1251860E+00  0.0000000E+00
    49  0.5895380E-01  0.1379292E+00 -0.1200000E+00
    50  0.5895380E-01  0.1379292E+00  0.0000000E+00
    51  0.7108030E-01  0.1320893E+00 -0.1200000E+00
    52  0.7108030E-01  0.1320893E+00  0.0000000E+00
    53  0.4635260E-01  0.1426585E+00 -0.1200000E+00
    54  0.4635260E-01  0.1426585E+00  0.0000000E+00
    55  0.5895380E-01  0.1379292E+00 -0.1200000E+00
    56  0.5895380E-01  0.1379292E+00  0.0000000E+00
    57  0.3337810E-01  0.1462392E+00 -0.1200000E+00
    58  0.3337810E-01  0.1462392E+00  0.0000000E+00
    59  0.4635260E-01  0.1426585E+00 -0.1200000E+00
    60  0.4635260E-01  0.1426585E+00  0.0000000E+00
    61  0.2013500E-01  0.1486425E+00 -0.1200000E+00
    62  0.2013500E-01  0.1486425E+00  0.0000000E+00
    63  0.3337810E-01  0.1462392E+00 -0.1200000E+00
    64  0.3337810E-01  0.1462392E+00  0.0000000E+00
    65  0.6729700E-02  0.1498490E+00 -0.1200000E+00
    66  0.6729700E-02  0.1498490E+00  0.0000000E+00
    67  0.2013500E-01  0.1486425E+00 -0.1200000E+00
    68  0.2013500E-01  0.1486425E+00  0.0000000E+00
    69 -0.6729700E-02  0.1498490E+00 -0.1200000E+00
    70 -0.6729700E-02  0.1498490E+00  0.0000000E+00
    71  0.6729700E-02  0.1498490E+00 -0.1200000E+00
    72  0.6729700E-02  0.1498490E+00  0.0000000E+00
    73 -0.2013500E-01  0.1486425E+00 -0.1200000E+00
    74 -0.2013500E-01  0.1486425E+00  0.0000000E+00
    75 -0.6729700E-02  0.1498490E+00 -0.1200000E+00
    76 -0.6729700E-02  0.1498490E+00  0.0000000E+00
    77 -0.3337810E-01  0.1462392E+00 -0.1200000E+00
    78 -0.3337810E-01  0.1462392E+00  0.0000000E+00
    79 -0.2013500E-01  0.1486425E+00 -0.1200000E+00
    80 -0.2013500E-01  0.1486425E+00  0.0000000E+00
    81 -0.4635260E-01  0.1426585E+00 -0.1200000E+00
    82 -0.4635260E-01  0.1426585E+00  0.0000000E+00
    83 -0.3337810E-01  0.1462392E+00 -0.1200000E+00
    84 -0.3337810E-01  0.1462392E+00  0.0000000E+00
    85 -0.5895380E-01  0.1379292E+00 -0.1200000E+00
    86 -0.5895380E-01  0.1379292E+00  0.0000000E+00
    87 -0.4635260E-01  0.1426585E+00 -0.1200000E+00
    88 -0.4635260E-01  0.1426585E+00  0.0000000E+00
    89 -0.7108030E-01  0.1320893E+00 -0.1200000E+00
    90 -0.7108030E-01  0.1320893E+00  0.0000000E+00
    91 -0.5895380E-01  0.1379292E+00 -0.1200000E+00
    92 -0.5895380E-01  0.1379292E+00  0.0000000E+00
    93 -0.8263460E-01  0.1251860E+00 -0.1200000E+00
    94 -0.8263460E-01  0.1251860E+00  0.0000000E+00
    95 -0.7108030E-01  0.1320893E+00 -0.1200000E+00
    96 -0.7108030E-01  0.1320893E+00  0.0000000E+00
    97 -0.9352350E-01  0.1172747E+00 -0.1200000E+00
    98 -0.9352350E-01  0.1172747E+00  0.0000000E+00
    99 -0.8263460E-01  0.1251860E+00 -0.1200000E+00
   100 -0.8263460E-01  0.1251860E+00  0.0000000E+00
   101 -0.1036594E+00  0.1084192E+00 -0.1200000E+00
   102 -0.1036594E+00  0.1084192E+00  0.0000000E+00
   103 -0.9352350E-01  0.1172747E+00 -0.1200000E+00
   104 -0.9352350E-01  0.1172747E+00  0.0000000E+00
   105 -0.1129607E+00  0.9869080E-01 -0.1200000E+00
   106 -0.1129607E+00  0.9869080E-01  0.0000000E+00
   107 -0.1036594E+00  0.1084192E+00 -0.1200000E+00
   108 -0.1036594E+00  0.1084192E+00  0.0000000E+00
   109 -0.1213525E+00  0.8816780E-01 -0.1200000E+00
   110 -0.1213525E+00  0.8816780E-01  0.0000000E+00
   111 -0.1129607E+00  0.9869080E-01 -0.1200000E+00
   112 -0.1129607E+00  0.9869080E-01  0.0000000E+00
   113 -0.1287673E+00  0.7693490E-01 -0.1200000E+00
   114 -0.1287673E+00  0.7693490E-01  0.0000000E+00
   115 -0.1213525E+00  0.8816780E-01 -0.1200000E+00
   116 -0.1213525E+00  0.8816780E-01  0.0000000E+00
   117 -0.1351453E+00  0.6508260E-01 -0.1200000E+00
   118 -0.1351453E+00  0.6508260E-01  0.0000000E+00
   119 -0.1287673E+00  0.7693490E-01 -0.1200000E+00
   120 -0.1287673E+00  0.7693490E-01  0.0000000E+00
   121 -0.1404352E+00  0.5270620E-01 -0.1200000E+00
   122 -0.1404352E+00  0.5270620E-01  0.0000000E+00
   123 -0.1351453E+00  0.6508260E-01 -0.1200000E+00
   124 -0.1351453E+00  0.6508260E-01  0.0000000E+00
   125 -0.1445944E+00  0.3990550E-01 -0.1200000E+00
   126 -0.1445944E+00  0.3990550E-01  0.0000000E+00
   127 -0.1404352E+00  0.5270620E-01 -0.1200000E+00
   128 -0.1404352E+00  0.5270620E-01  0.0000000E+00
   129 -0.1475894E+00  0.2678350E-01 -0.1200000E+00
   130 -0.1475894E+00  0.2678350E-01  0.0000000E+00
   131 -0.1445944E+00  0.3990550E-01 -0.1200000E+00
   132 -0.1445944E+00  0.3990550E-01  0.0000000E+00
   133 -0.1493961E+00  0.1344590E-01 -0.1200000E+00
   134 -0.1493961E+00  0.1344590E-01  0.0000000E+00
   135 -0.1475894E+00  0.2678350E-01 -0.1200000E+00
   136 -0.1475894E+00  0.2678350E-01  0.0000000E+00
   137 -0.1500000E+00  0.0000000E+00 -0.1200000E+00
   138 -0.1500000E+00  0.0000000E+00  0.0000000E+00
   139 -0.1493961E+00  0.1344590E-01 -0.1200000E+00
   140 -0.1493961E+00  0.1344590E-01  0.0000000E+00
   141  0.6000000E+00  0.0000000E+00 -0.1200000E+00
   142  0.5975846E+00  0.5378360E-01 -0.1200000E+00
   143  0.4500000E+00  0.0000000E+00 -0.1200000E+00
   144  0.4481884E+00  0.4033770E-01 -0.1200000E+00
   145  0.3000000E+00  0.0000000E+00 -0.1200000E+00
   146  0.2987923E+00  0.2689180E-01 -0.1200000E+00
   147  0.1500000E+00  0.0000000E+00 -0.1200000E+00
   148  0.1493962E+00  0.1344590E-01 -0.1200000E+00
   149  0.5975846E+00  0.5378360E-01 -0.1200000E+00
   150  0.5903578E+00  0.1071341E+00 -0.1200000E+00
   151  0.4481884E+00  0.4033770E-01 -0.1200000E+00
   152  0.4427683E+00  0.8035060E-01 -0.1200000E+00
   153  0.2987923E+00  0.2689180E-01 -0.1200000E+00
   154  0.2951789E+00  0.5356710E-01 -0.1200000E+00
   155  0.1493962E+00  0.1344590E-01 -0.1200000E+00
   156  0.1475894E+00  0.2678350E-01 -0.1200000E+00
   157  0.5903578E+00  0.1071341E+00 -0.1200000E+00
   158  0.5783777E+00  0.1596221E+00 -0.1200000E+00
   159  0.4427683E+00  0.8035060E-01 -0.1200000E+00
   160  0.4337833E+00  0.1197166E+00 -0.1200000E+00
   161  0.2951789E+00  0.5356710E-01 -0.1200000E+00
   162  0.2891888E+00  0.7981110E-01 -0.1200000E+00
   163  0.1475894E+00  0.2678350E-01 -0.1200000E+00
   164  0.1445944E+00  0.3990550E-01 -0.1200000E+00
   165  0.5783777E+00  0.1596221E+00 -0.1200000E+00
   166  0.5617409E+00  0.2108249E+00 -0.1200000E+00
   167  0.4337833E+00  0.1197166E+00 -0.1200000E+00
   168  0.4213057E+00  0.1581187E+00 -0.1200000E+00
   169  0.2891888E+00  0.7981110E-01 -0.1200000E+00
   170  0.2808704E+00  0.1054124E+00 -0.1200000E+00
   171  0.1445944E+00  0.3990550E-01 -0.1200000E+00
   172  0.1404352E+00  0.5270620E-01 -0.1200000E+00
   173  0.5617409E+00  0.2108249E+00 -0.1200000E+00
   174  0.5405813E+00  0.2603302E+00 -0.1200000E+00
   175  0.4213057E+00  0.1581187E+00 -0.1200000E+00
   176  0.4054360E+00  0.1952477E+00 -0.1200000E+00
   177  0.2808704E+00  0.1054124E+00 -0.1200000E+00
   178  0.2702906E+00  0.1301651E+00 -0.1200000E+00
   179  0.1404352E+00  0.5270620E-01 -0.1200000E+00
   180  0.1351453E+00  0.6508260E-01 -0.1200000E+00
   181  0.5405813E+00  0.2603302E+00 -0.1200000E+00
   182  0.5150693E+00  0.3077396E+00 -0.1200000E+00
   183  0.4054360E+00  0.1952477E+00 -0.1200000E+00
   184  0.3863020E+00  0.2308047E+00 -0.1200000E+00
   185  0.2702906E+00  0.1301651E+00 -0.1200000E+00
   186  0.2575347E+00  0.1538698E+00 -0.1200000E+00
   187  0.1351453E+00  0.6508260E-01 -0.1200000E+00
   188  0.1287673E+00  0.7693490E-01 -0.1200000E+00
   189  0.5150693E+00  0.3077396E+00 -0.1200000E+00
   190  0.4854102E+00  0.3526712E+00 -0.1200000E+00
   191  0.3863020E+00  0.2308047E+00 -0.1200000E+00
   192  0.3640576E+00  0.2645034E+00 -0.1200000E+00
   193  0.2575347E+00  0.1538698E+00 -0.1200000E+00
   194  0.2427051E+00  0.1763356E+00 -0.1200000E+00
   195  0.1287673E+00  0.7693490E-01 -0.1200000E+00
   196  0.1213525E+00  0.8816780E-01 -0.1200000E+00
   197  0.4854102E+00  0.3526712E+00 -0.1200000E+00
   198  0.4518429E+00  0.3947632E+00 -0.1200000E+00
   199  0.3640576E+00  0.2645034E+00 -0.1200000E+00
   200  0.3388822E+00  0.2960724E+00 -0.1200000E+00
   201  0.2427051E+00  0.1763356E+00 -0.1200000E+00
   202  0.2259214E+00  0.1973816E+00 -0.1200000E+00
   203  0.1213525E+00  0.8816780E-01 -0.1200000E+00
   204  0.1129607E+00  0.9869080E-01 -0.1200000E+00
   205  0.4518429E+00  0.3947632E+00 -0.1200000E+00
   206  0.4146376E+00  0.4336769E+00 -0.1200000E+00
   207  0.3388822E+00  0.2960724E+00 -0.1200000E+00
   208  0.3109782E+00  0.3252577E+00 -0.1200000E+00
   209  0.2259214E+00  0.1973816E+00 -0.1200000E+00
   210  0.2073188E+00  0.2168384E+00 -0.1200000E+00
   211  0.1129607E+00  0.9869080E-01 -0.1200000E+00
   212  0.1036594E+00  0.1084192E+00 -0.1200000E+00
   213  0.4146376E+00  0.4336769E+00 -0.1200000E+00
   214  0.3740939E+00  0.4690989E+00 -0.1200000E+00
   215  0.3109782E+00  0.3252577E+00 -0.1200000E+00
   216  0.2805704E+00  0.3518242E+00 -0.1200000E+00
   217  0.2073188E+00  0.2168384E+00 -0.1200000E+00
   218  0.1870469E+00  0.2345494E+00 -0.1200000E+00
   219  0.1036594E+00  0.1084192E+00 -0.1200000E+00
   220  0.9352350E-01  0.1172747E+00 -0.1200000E+00
   221  0.3740939E+00  0.4690989E+00 -0.1200000E+00
   222  0.3305382E+00  0.5007440E+00 -0.1200000E+00
   223  0.2805704E+00  0.3518242E+00 -0.1200000E+00
   224  0.2479037E+00  0.3755580E+00 -0.1200000E+00
   225  0.1870469E+00  0.2345494E+00 -0.1200000E+00
   226  0.1652691E+00  0.2503720E+00 -0.1200000E+00
   227  0.9352350E-01  0.1172747E+00 -0.1200000E+00
   228  0.8263460E-01  0.1251860E+00 -0.1200000E+00
   229  0.3305382E+00  0.5007440E+00 -0.1200000E+00
   230  0.2843212E+00  0.5283573E+00 -0.1200000E+00
   231  0.2479037E+00  0.3755580E+00 -0.1200000E+00
   232  0.2132409E+00  0.3962680E+00 -0.1200000E+00
   233  0.1652691E+00  0.2503720E+00 -0.1200000E+00
   234  0.1421606E+00  0.2641787E+00 -0.1200000E+00
   235  0.8263460E-01  0.1251860E+00 -0.1200000E+00
   236  0.7108030E-01  0.1320893E+00 -0.1200000E+00
   237  0.2843212E+00  0.5283573E+00 -0.1200000E+00
   238  0.2358150E+00  0.5517167E+00 -0.1200000E+00
   239  0.2132409E+00  0.3962680E+00 -0.1200000E+00
   240  0.1768613E+00  0.4137875E+00 -0.1200000E+00
   241  0.1421606E+00  0.2641787E+00 -0.1200000E+00
   242  0.1179075E+00  0.2758584E+00 -0.1200000E+00
   243  0.7108030E-01  0.1320893E+00 -0.1200000E+00
   244  0.5895380E-01  0.1379292E+00 -0.1200000E+00
   245  0.2358150E+00  0.5517167E+00 -0.1200000E+00
   246  0.1854102E+00  0.5706339E+00 -0.1200000E+00
   247  0.1768613E+00  0.4137875E+00 -0.1200000E+00
   248  0.1390577E+00  0.4279754E+00 -0.1200000E+00
   249  0.1179075E+00  0.2758584E+00 -0.1200000E+00
   250  0.9270510E-01  0.2853170E+00 -0.1200000E+00
   251  0.5895380E-01  0.1379292E+00 -0.1200000E+00
   252  0.4635260E-01  0.1426585E+00 -0.1200000E+00
   253  0.1854102E+00  0.5706339E+00 -0.1200000E+00
   254  0.1335126E+00  0.5849567E+00 -0.1200000E+00
   255  0.1390577E+00  0.4279754E+00 -0.1200000E+00
   256  0.1001344E+00  0.4387175E+00 -0.1200000E+00
   257  0.9270510E-01  0.2853170E+00 -0.1200000E+00
   258  0.6675630E-01  0.2924784E+00 -0.1200000E+00
   259  0.4635260E-01  0.1426585E+00 -0.1200000E+00
   260  0.3337810E-01  0.1462392E+00 -0.1200000E+00
   261  0.1335126E+00  0.5849567E+00 -0.1200000E+00
   262  0.8054000E-01  0.5945699E+00 -0.1200000E+00
   263  0.1001344E+00  0.4387175E+00 -0.1200000E+00
   264  0.6040500E-01  0.4459274E+00 -0.1200000E+00
   265  0.6675630E-01  0.2924784E+00 -0.1200000E+00
   266  0.4027000E-01  0.2972850E+00 -0.1200000E+00
   267  0.3337810E-01  0.1462392E+00 -0.1200000E+00
   268  0.2013500E-01  0.1486425E+00 -0.1200000E+00
   269  0.8054000E-01  0.5945699E+00 -0.1200000E+00
   270  0.2691890E-01  0.5993958E+00 -0.1200000E+00
   271  0.6040500E-01  0.4459274E+00 -0.1200000E+00
   272  0.2018920E-01  0.4495469E+00 -0.1200000E+00
   273  0.4027000E-01  0.2972850E+00 -0.1200000E+00
   274  0.1345950E-01  0.2996979E+00 -0.1200000E+00
   275  0.2013500E-01  0.1486425E+00 -0.1200000E+00
   276  0.6729700E-02  0.1498490E+00 -0.1200000E+00
   277  0.2691890E-01  0.5993958E+00 -0.1200000E+00
   278 -0.2691890E-01  0.5993958E+00 -0.1200000E+00
   279  0.2018920E-01  0.4495469E+00 -0.1200000E+00
   280 -0.2018920E-01  0.4495469E+00 -0.1200000E+00
   281  0.1345950E-01  0.2996979E+00 -0.1200000E+00
   282 -0.1345950E-01  0.2996979E+00 -0.1200000E+00
   283  0.6729700E-02  0.1498490E+00 -0.1200000E+00
   284 -0.6729700E-02  0.1498490E+00 -0.1200000E+00
   285 -0.2691890E-01  0.5993958E+00 -0.1200000E+00
   286 -0.8054000E-01  0.5945699E+00 -0.1200000E+00
   287 -0.2018920E-01  0.4495469E+00 -0.1200000E+00
   288 -0.6040500E-01  0.4459274E+00 -0.1200000E+00
   289 -0.1345950E-01  0.2996979E+00 -0.1200000E+00
   290 -0.4027000E-01  0.2972850E+00 -0.1200000E+00
   291 -0.6729700E-02  0.1498490E+00 -0.1200000E+00
   292 -0.2013500E-01  0.1486425E+00 -0.1200000E+00
   293 -0.8054000E-01  0.5945699E+00 -0.1200000E+00
   294 -0.1335126E+00  0.5849567E+00 -0.1200000E+00
   295 -0.6040500E-01  0.4459274E+00 -0.1200000E+00
   296 -0.1001344E+00  0.4387175E+00 -0.1200000E+00
   297 -0.4027000E-01  0.2972850E+00 -0.1200000E+00
   298 -0.6675630E-01  0.2924784E+00 -0.1200000E+00
   299 -0.2013500E-01  0.1486425E+00 -0.1200000E+00
   300 -0.3337810E-01  0.1462392E+00 -0.1200000E+00
   301 -0.1335126E+00  0.5849567E+00 -0.1200000E+00
   302 -0.1854102E+00  0.5706339E+00 -0.1200000E+00
   303 -0.1001344E+00  0.4387175E+00 -0.1200000E+00
   304 -0.1390577E+00  0.4279754E+00 -0.1200000E+00
   305 -0.6675630E-01  0.2924784E+00 -0.1200000E+00
   306 -0.9270510E-01  0.2853170E+00 -0.1200000E+00
   307 -0.3337810E-01  0.1462392E+00 -0.1200000E+00
   308 -0.4635260E-01  0.1426585E+00 -0.1200000E+00
   309 -0.1854102E+00  0.5706339E+00 -0.1200000E+00
   310 -0.2358150E+00  0.5517167E+00 -0.1200000E+00
   311 -0.1390577E+00  0.4279754E+00 -0.1200000E+00
   312 -0.1768613E+00  0.4137875E+00 -0.1200000E+00
   313 -0.9270510E-01  0.2853170E+00 -0.1200000E+00
   314 -0.1179075E+00  0.2758584E+00 -0.1200000E+00
   315 -0.4635260E-01  0.1426585E+00 -0.1200000E+00
   316 -0.5895380E-01  0.1379292E+00 -0.1200000E+00
   317 -0.2358150E+00  0.5517167E+00 -0.1200000E+00
   318 -0.2843212E+00  0.5283573E+00 -0.1200000E+00
   319 -0.1768613E+00  0.4137875E+00 -0.1200000E+00
   320 -0.2132409E+00  0.3962680E+00 -0.1200000E+00
   321 -0.1179075E+00  0.2758584E+00 -0.1200000E+00
   322 -0.1421606E+00  0.2641787E+00 -0.1200000E+00
   323 -0.5895380E-01  0.1379292E+00 -0.1200000E+00
   324 -0.7108030E-01  0.1320893E+00 -0.1200000E+00
   325 -0.2843212E+00  0.5283573E+00 -0.1200000E+00
   326 -0.3305382E+00  0.5007440E+00 -0.1200000E+00
   327 -0.2132409E+00  0.3962680E+00 -0.1200000E+00
   328 -0.2479037E+00  0.3755580E+00 -0.1200000E+00
   329 -0.1421606E+00  0.2641787E+00 -0.1200000E+00
   330 -0.1652691E+00  0.2503720E+00 -0.1200000E+00
   331 -0.7108030E-01  0.1320893E+00 -0.1200000E+00
   332 -0.8263460E-01  0.1251860E+00 -0.1200000E+00
   333 -0.3305382E+00  0.5007440E+00 -0.1200000E+00
   334 -0.3740939E+00  0.4690989E+00 -0.1200000E+00
   335 -0.2479037E+00  0.3755580E+00 -0.1200000E+00
   336 -0.2805704E+00  0.3518242E+00 -0.1200000E+00
   337 -0.1652691E+00  0.2503720E+00 -0.1200000E+00
   338 -0.1870469E+00  0.2345494E+00 -0.1200000E+00
   339 -0.8263460E-01  0.1251860E+00 -0.1200000E+00
   340 -0.9352350E-01  0.1172747E+00 -0.1200000E+00
   341 -0.3740939E+00  0.4690989E+00 -0.1200000E+00
   342 -0.4146376E+00  0.4336769E+00 -0.1200000E+00
   343 -0.2805704E+00  0.3518242E+00 -0.1200000E+00
   344 -0.3109782E+00  0.3252577E+00 -0.1200000E+00
   345 -0.1870469E+00  0.2345494E+00 -0.1200000E+00
   346 -0.2073188E+00  0.2168384E+00 -0.1200000E+00
   347 -0.9352350E-01  0.1172747E+00 -0.1200000E+00
   348 -0.1036594E+00  0.1084192E+00 -0.1200000E+00
   349 -0.4146376E+00  0.4336769E+00 -0.1200000E+00
   350 -0.4518429E+00  0.3947632E+00 -0.1200000E+00
   351 -0.3109782E+00  0.3252577E+00 -0.1200000E+00
   352 -0.3388822E+00  0.2960724E+00 -0.1200000E+00
   353 -0.2073188E+00  0.2168384E+00 -0.1200000E+00
   354 -0.2259214E+00  0.1973816E+00 -0.1200000E+00
   355 -0.1036594E+00  0.1084192E+00 -0.1200000E+00
   356 -0.1129607E+00  0.9869080E-01 -0.1200000E+00
   357 -0.4518429E+00  0.3947632E+00 -0.1200000E+00
   358 -0.4854102E+00  0.3526712E+00 -0.1200000E+00
   359 -0.3388822E+00  0.2960724E+00 -0.1200000E+00
   360 -0.3640576E+00  0.2645034E+00 -0.1200000E+00
   361 -0.2259214E+00  0.1973816E+00 -0.1200000E+00
   362 -0.2427051E+00  0.1763356E+00 -0.1200000E+00
   363 -0.1129607E+00  0.9869080E-01 -0.1200000E+00
   364 -0.1213525E+00  0.8816780E-01 -0.1200000E+00
   365 -0.4854102E+00  0.3526712E+00 -0.1200000E+00
   366 -0.5150693E+00  0.3077396E+00 -0.1200000E+00
   367 -0.3640576E+00  0.2645034E+00 -0.1200000E+00
   368 -0.3863020E+00  0.2308047E+00 -0.1200000E+00
   369 -0.2427051E+00  0.1763356E+00 -0.1200000E+00
   370 -0.2575347E+00  0.1538698E+00 -0.1200000E+00
   371 -0.1213525E+00  0.8816780E-01 -0.1200000E+00
   372 -0.1287673E+00  0.7693490E-01 -0.1200000E+00
   373 -0.5150693E+00  0.3077396E+00 -0.1200000E+00
   374 -0.5405813E+00  0.2603302E+00 -0.1200000E+00
   375 -0.3863020E+00  0.2308047E+00 -0.1200000E+00
   376 -0.4054360E+00  0.1952477E+00 -0.1200000E+00
   377 -0.2575347E+00  0.1538698E+00 -0.1200000E+00
   378 -0.2702906E+00  0.1301651E+00 -0.1200000E+00
   379 -0.1287673E+00  0.7693490E-01 -0.1200000E+00
   380 -0.1351453E+00  0.6508260E-01 -0.1200000E+00
   381 -0.5405813E+00  0.2603302E+00 -0.1200000E+00
   382 -0.5617409E+00  0.2108249E+00 -0.1200000E+00
   383 -0.4054360E+00  0.1952477E+00 -0.1200000E+00
   384 -0.4213057E+00  0.1581187E+00 -0.1200000E+00
   385 -0.2702906E+00  0.1301651E+00 -0.1200000E+00
   386 -0.2808704E+00  0.1054124E+00 -0.1200000E+00
   387 -0.1351453E+00  0.6508260E-01 -0.1200000E+00
   388 -0.1404352E+00  0.5270620E-01 -0.1200000E+00
   389 -0.5617409E+00  0.2108249E+00 -0.1200000E+00
   390 -0.5783777E+00  0.1596221E+00 -0.1200000E+00
   391 -0.4213057E+00  0.1581187E+00 -0.1200000E+00
   392 -0.4337833E+00  0.1197166E+00 -0.1200000E+00
   393 -0.2808704E+00  0.1054124E+00 -0.1200000E+00
   394 -0.2891888E+00  0.7981110E-01 -0.1200000E+00
   395 -0.1404352E+00  0.5270620E-01 -0.1200000E+00
   396 -0.1445944E+00  0.3990550E-01 -0.1200000E+00
   397 -0.5783777E+00  0.1596221E+00 -0.1200000E+00
   398 -0.5903578E+00  0.1071341E+00 -0.1200000E+00
   399 -0.4337833E+00  0.1197166E+00 -0.1200000E+00
   400 -0.4427683E+00  0.8035060E-01 -0.1200000E+00
   401 -0.2891888E+00  0.7981110E-01 -0.1200000E+00
   402 -0.2951789E+00  0.5356710E-01 -0.1200000E+00
   403 -0.1445944E+00  0.3990550E-01 -0.1200000E+00
   404 -0.1475894E+00  0.2678350E-01 -0.1200000E+00
   405 -0.5903578E+00  0.1071341E+00 -0.1200000E+00
   406 -0.5975846E+00  0.5378360E-01 -0.1200000E+00
   407 -0.4427683E+00  0.8035060E-01 -0.1200000E+00
   408 -0.4481884E+00  0.4033770E-01 -0.1200000E+00
   409 -0.2951789E+00  0.5356710E-01 -0.1200000E+00
   410 -0.2987923E+00  0.2689180E-01 -0.1200000E+00
   411 -0.1475894E+00  0.2678350E-01 -0.1200000E+00
   412 -0.1493962E+00  0.1344590E-01 -0.1200000E+00
   413 -0.5975846E+00  0.5378360E-01 -0.1200000E+00
   414 -0.6000000E+00  0.0000000E+00 -0.1200000E+00
   415 -0.4481884E+00  0.4033770E-01 -0.1200000E+00
   416 -0.4500000E+00  0.0000000E+00 -0.1200000E+00
   417 -0.2987923E+00  0.2689180E-01 -0.1200000E+00
   418 -0.3000000E+00  0.0000000E+00 -0.1200000E+00
   419 -0.1493962E+00  0.1344590E-01 -0.1200000E+00
   420 -0.1500000E+00  0.0000000E+00 -0.1200000E+00
   421  0.5975846E+00  0.5378360E-01 -0.1210000E+00
   422  0.5975846E+00  0.5378360E-01 -0.1200000E+00
   423  0.6000000E+00  0.0000000E+00 -0.1210000E+00
   424  0.6000000E+00  0.0000000E+00 -0.1200000E+00
   425  0.5903578E+00  0.1071341E+00 -0.1210000E+00
   426  0.5903578E+00  0.1071341E+00 -0.1200000E+00
   427  0.5975846E+00  0.5378360E-01 -0.1210000E+00
   428  0.5975846E+00  0.5378360E-01 -0.1200000E+00
   429  0.5783777E+00  0.1596221E+00 -0.1210000E+00
   430  0.5783777E+00  0.1596221E+00 -0.1200000E+00
   431  0.5903578E+00  0.1071341E+00 -0.1210000E+00
   432  0.5903578E+00  0.1071341E+00 -0.1200000E+00
   433  0.5617409E+00  0.2108249E+00 -0.1210000E+00
   434  0.5617409E+00  0.2108249E+00 -0.1200000E+00
   435  0.5783777E+00  0.1596221E+00 -0.1210000E+00
   436  0.5783777E+00  0.1596221E+00 -0.1200000E+00
   437  0.5405813E+00  0.2603302E+00 -0.1210000E+00
   438  0.5405813E+00  0.2603302E+00 -0.1200000E+00
   439  0.5617409E+00  0.2108249E+00 -0.1210000E+00
   440  0.5617409E+00  0.2108249E+00 -0.1200000E+00
   441  0.5150693E+00  0.3077396E+00 -0.1210000E+00
   442  0.5150693E+00  0.3077396E+00 -0.1200000E+00
   443  0.5405813E+00  0.2603302E+00 -0.1210000E+00
   444  0.5405813E+00  0.2603302E+00 -0.1200000E+00
   445  0.4854102E+00  0.3526712E+00 -0.1210000E+00
   446  0.4854102E+00  0.3526712E+00 -0.1200000E+00
   447  0.5150693E+00  0.3077396E+00 -0.1210000E+00
   448  0.5150693E+00  0.3077396E+00 -0.1200000E+00
   449  0.4518429E+00  0.3947632E+00 -0.1210000E+00
   450  0.4518429E+00  0.3947632E+00 -0.1200000E+00
   451  0.4854102E+00  0.3526712E+00 -0.1210000E+00
   452  0.4854102E+00  0.3526712E+00 -0.1200000E+00
   453  0.4146376E+00  0.4336769E+00 -0.1210000E+00
   454  0.4146376E+00  0.4336769E+00 -0.1200000E+00
   455  0.4518429E+00  0.3947632E+00 -0.1210000E+00
   456  0.4518429E+00  0.3947632E+00 -0.1200000E+00
   457  0.3740939E+00  0.4690989E+00 -0.1210000E+00
   458  0.3740939E+00  0.4690989E+00 -0.1200000E+00
   459  0.4146376E+00  0.4336769E+00 -0.1210000E+00
   460  0.4146376E+00  0.4336769E+00 -0.1200000E+00
   461  0.3305382E+00  0.5007440E+00 -0.1210000E+00
   462  0.3305382E+00  0.5007440E+00 -0.1200000E+00
   463  0.3740939E+00  0.4690989E+00 -0.1210000E+00
   464  0.3740939E+00  0.4690989E+00 -0.1200000E+00
   465  0.2843212E+00  0.5283573E+00 -0.1210000E+00
   466  0.2843212E+00  0.5283573E+00 -0.1200000E+00
   467  0.3305382E+00  0.5007440E+00 -0.1210000E+00
   468  0.3305382E+00  0.5007440E+00 -0.1200000E+00
   469  0.2358150E+00  0.5517167E+00 -0.1210000E+00
   470  0.2358150E+00  0.5517167E+00 -0.1200000E+00
   471  0.2843212E+00  0.5283573E+00 -0.1210000E+00
   472  0.2843212E+00  0.5283573E+00 -0.1200000E+00
   473  0.1854102E+00  0.5706339E+00 -0.1210000E+00
   474  0.1854102E+00  0.5706339E+00 -0.1200000E+00
   475  0.2358150E+00  0.5517167E+00 -0.1210000E+00
   476  0.2358150E+00  0.5517167E+00 -0.1200000E+00
   477  0.1335126E+00  0.5849567E+00 -0.1210000E+00
   478  0.1335126E+00  0.5849567E+00 -0.1200000E+00
   479  0.1854102E+00  0.5706339E+00 -0.1210000E+00
   480  0.1854102E+00  0.5706339E+00 -0.1200000E+00
   481  0.8054000E-01  0.5945699E+00 -0.1210000E+00
   482  0.8054000E-01  0.5945699E+00 -0.1200000E+00
   483  0.1335126E+00  0.5849567E+00 -0.1210000E+00
   484  0.1335126E+00  0.5849567E+00 -0.1200000E+00
   485  0.2691890E-01  0.5993958E+00 -0.1210000E+00
   486  0.2691890E-01  0.5993958E+00 -0.1200000E+00
   487  0.8054000E-01  0.5945699E+00 -0.1210000E+00
   488  0.8054000E-01  0.5945699E+00 -0.1200000E+00
   489 -0.2691890E-01  0.5993958E+00 -0.1210000E+00
   490 -0.2691890E-01  0.5993958E+00 -0.1200000E+00
   491  0.2691890E-01  0.5993958E+00 -0.1210000E+00
   492  0.2691890E-01  0.5993958E+00 -0.1200000E+00
   493 -0.8054000E-01  0.5945699E+00 -0.1210000E+00
   494 -0.8054000E-01  0.5945699E+00 -0.1200000E+00
   495 -0.2691890E-01  0.5993958E+00 -0.1210000E+00
   496 -0.2691890E-01  0.5993958E+00 -0.1200000E+00
   497 -0.1335126E+00  0.5849567E+00 -0.1210000E+00
   498 -0.1335126E+00  0.5849567E+00 -0.1200000E+00
   499 -0.8054000E-01  0.5945699E+00 -0.1210000E+00
   500 -0.8054000E-01  0.5945699E+00 -0.1200000E+00
   501 -0.1854102E+00  0.5706339E+00 -0.1210000E+00
   502 -0.1854102E+00  0.5706339E+00 -0.1200000E+00
   503 -0.1335126E+00  0.5849567E+00 -0.1210000E+00
   504 -0.1335126E+00  0.5849567E+00 -0.1200000E+00
   505 -0.2358150E+00  0.5517167E+00 -0.1210000E+00
   506 -0.2358150E+00  0.5517167E+00 -0.1200000E+00
   507 -0.1854102E+00  0.5706339E+00 -0.1210000E+00
   508 -0.1854102E+00  0.5706339E+00 -0.1200000E+00
   509 -0.2843212E+00  0.5283573E+00 -0.1210000E+00
   510 -0.2843212E+00  0.5283573E+00 -0.1200000E+00
   511 -0.2358150E+00  0.5517167E+00 -0.1210000E+00
   512 -0.2358150E+00  0.5517167E+00 -0.1200000E+00
   513 -0.3305382E+00  0.5007440E+00 -0.1210000E+00
   514 -0.3305382E+00  0.5007440E+00 -0.1200000E+00
   515 -0.2843212E+00  0.5283573E+00 -0.1210000E+00
   516 -0.2843212E+00  0.5283573E+00 -0.1200000E+00
   517 -0.3740939E+00  0.4690989E+00 -0.1210000E+00
   518 -0.3740939E+00  0.4690989E+00 -0.1200000E+00
   519 -0.3305382E+00  0.5007440E+00 -0.1210000E+00
   520 -0.3305382E+00  0.5007440E+00 -0.1200000E+00
   521 -0.4146376E+00  0.4336769E+00 -0.1210000E+00
   522 -0.4146376E+00  0.4336769E+00 -0.1200000E+00
   523 -0.3740939E+00  0.4690989E+00 -0.1210000E+00
   524 -0.3740939E+00  0.4690989E+00 -0.1200000E+00
   525 -0.4518429E+00  0.3947632E+00 -0.1210000E+00
   526 -0.4518429E+00  0.3947632E+00 -0.1200000E+00
   527 -0.4146376E+00  0.4336769E+00 -0.1210000E+00
   528 -0.4146376E+00  0.4336769E+00 -0.1200000E+00
   529 -0.4854102E+00  0.3526712E+00 -0.1210000E+00
   530 -0.4854102E+00  0.3526712E+00 -0.1200000E+00
   531 -0.4518429E+00  0.3947632E+00 -0.1210000E+00
   532 -0.4518429E+00  0.3947632E+00 -0.1200000E+00
   533 -0.5150693E+00  0.3077396E+00 -0.1210000E+00
   534 -0.5150693E+00  0.3077396E+00 -0.1200000E+00
   535 -0.4854102E+00  0.3526712E+00 -0.1210000E+00
   536 -0.4854102E+00  0.3526712E+00 -0.1200000E+00
   537 -0.5405813E+00  0.2603302E+00 -0.1210000E+00
   538 -0.5405813E+00  0.2603302E+00 -0.1200000E+00
   539 -0.5150693E+00  0.3077396E+00 -0.1210000E+00
   540 -0.5150693E+00  0.3077396E+00 -0.1200000E+00
   541 -0.5617409E+00  0.2108249E+00 -0.1210000E+00
   542 -0.5617409E+00  0.2108249E+00 -0.1200000E+00
   543 -0.5405813E+00  0.2603302E+00 -0.1210000E+00
   544 -0.5405813E+00  0.2603302E+00 -0.1200000E+00
   545 -0.5783777E+00  0.1596221E+00 -0.1210000E+00
   546 -0.5783777E+00  0.1596221E+00 -0.1200000E+00
   547 -0.5617409E+00  0.2108249E+00 -0.1210000E+00
   548 -0.5617409E+00  0.2108249E+00 -0.1200000E+00
   549 -0.5903578E+00  0.1071341E+00 -0.1210000E+00
   550 -0.5903578E+00  0.1071341E+00 -0.1200000E+00
   551 -0.5783777E+00  0.1596221E+00 -0.1210000E+00
   552 -0.5783777E+00  0.1596221E+00 -0.1200000E+00
   553 -0.5975846E+00  0.5378360E-01 -0.1210000E+00
   554 -0.5975846E+00  0.5378360E-01 -0.1200000E+00
   555 -0.5903578E+00  0.1071341E+00 -0.1210000E+00
   556 -0.5903578E+00  0.1071341E+00 -0.1200000E+00
   557 -0.6000000E+00  0.0000000E+00 -0.1210000E+00
   558 -0.6000000E+00  0.0000000E+00 -0.1200000E+00
   559 -0.5975846E+00  0.5378360E-01 -0.1210000E+00
   560 -0.5975846E+00  0.5378360E-01 -0.1200000E+00
   561  0.0000000E+00  0.0000000E+00 -0.1210000E+00
   562  0.0000000E+00  0.0000000E+00 -0.1210000E+00
   563  0.1500000E+00  0.0000000E+00 -0.1210000E+00
   564  0.1493962E+00  0.1344590E-01 -0.1210000E+00
   565  0.3000000E+00  0.0000000E+00 -0.1210000E+00
   566  0.2987923E+00  0.2689180E-01 -0.1210000E+00
   567  0.4500000E+00  0.0000000E+00 -0.1210000E+00
   568  0.4481885E+00  0.4033770E-01 -0.1210000E+00
   569  0.6000000E+00  0.0000000E+00 -0.1210000E+00
   570  0.5975846E+00  0.5378360E-01 -0.1210000E+00
   571  0.0000000E+00  0.0000000E+00 -0.1210000E+00
   572  0.0000000E+00  0.0000000E+00 -0.1210000E+00
   573  0.1493962E+00  0.1344590E-01 -0.1210000E+00
   574  0.1475894E+00  0.2678350E-01 -0.1210000E+00
   575  0.2987923E+00  0.2689180E-01 -0.1210000E+00
   576  0.2951789E+00  0.5356700E-01 -0.1210000E+00
   577  0.4481885E+00  0.4033770E-01 -0.1210000E+00
   578  0.4427683E+00  0.8035060E-01 -0.1210000E+00
   579  0.5975846E+00  0.5378360E-01 -0.1210000E+00
   580  0.5903578E+00  0.1071341E+00 -0.1210000E+00
   581  0.0000000E+00  0.0000000E+00 -0.1210000E+00
   582  0.0000000E+00  0.0000000E+00 -0.1210000E+00
   583  0.1475894E+00  0.2678350E-01 -0.1210000E+00
   584  0.1445944E+00  0.3990550E-01 -0.1210000E+00
   585  0.2951789E+00  0.5356700E-01 -0.1210000E+00
   586  0.2891889E+00  0.7981110E-01 -0.1210000E+00
   587  0.4427683E+00  0.8035060E-01 -0.1210000E+00
   588  0.4337833E+00  0.1197166E+00 -0.1210000E+00
   589  0.5903578E+00  0.1071341E+00 -0.1210000E+00
   590  0.5783777E+00  0.1596221E+00 -0.1210000E+00
   591  0.0000000E+00  0.0000000E+00 -0.1210000E+00
   592  0.0000000E+00  0.0000000E+00 -0.1210000E+00
   593  0.1445944E+00  0.3990550E-01 -0.1210000E+00
   594  0.1404352E+00  0.5270620E-01 -0.1210000E+00
   595  0.2891889E+00  0.7981110E-01 -0.1210000E+00
   596  0.2808704E+00  0.1054125E+00 -0.1210000E+00
   597  0.4337833E+00  0.1197166E+00 -0.1210000E+00
   598  0.4213057E+00  0.1581187E+00 -0.1210000E+00
   599  0.5783777E+00  0.1596221E+00 -0.1210000E+00
   600  0.5617409E+00  0.2108249E+00 -0.1210000E+00
   601  0.0000000E+00  0.0000000E+00 -0.1210000E+00
   602  0.0000000E+00  0.0000000E+00 -0.1210000E+00
   603  0.1404352E+00  0.5270620E-01 -0.1210000E+00
   604  0.1351453E+00  0.6508260E-01 -0.1210000E+00
   605  0.2808704E+00  0.1054125E+00 -0.1210000E+00
   606  0.2702906E+00  0.1301651E+00 -0.1210000E+00
   607  0.4213057E+00  0.1581187E+00 -0.1210000E+00
   608  0.4054360E+00  0.1952477E+00 -0.1210000E+00
   609  0.5617409E+00  0.2108249E+00 -0.1210000E+00
   610  0.5405813E+00  0.2603302E+00 -0.1210000E+00
   611  0.0000000E+00  0.0000000E+00 -0.1210000E+00
   612  0.0000000E+00  0.0000000E+00 -0.1210000E+00
   613  0.1351453E+00  0.6508260E-01 -0.1210000E+00
   614  0.1287673E+00  0.7693490E-01 -0.1210000E+00
   615  0.2702906E+00  0.1301651E+00 -0.1210000E+00
   616  0.2575347E+00  0.1538698E+00 -0.1210000E+00
   617  0.4054360E+00  0.1952477E+00 -0.1210000E+00
   618  0.3863020E+00  0.2308047E+00 -0.1210000E+00
   619  0.5405813E+00  0.2603302E+00 -0.1210000E+00
   620  0.5150693E+00  0.3077396E+00 -0.1210000E+00
   621  0.0000000E+00  0.0000000E+00 -0.1210000E+00
   622  0.0000000E+00  0.0000000E+00 -0.1210000E+00
   623  0.1287673E+00  0.7693490E-01 -0.1210000E+00
   624  0.1213526E+00  0.8816780E-01 -0.1210000E+00
   625  0.2575347E+00  0.1538698E+00 -0.1210000E+00
   626  0.2427051E+00  0.1763356E+00 -0.1210000E+00
   627  0.3863020E+00  0.2308047E+00 -0.1210000E+00
   628  0.3640577E+00  0.2645034E+00 -0.1210000E+00
   629  0.5150693E+00  0.3077396E+00 -0.1210000E+00
   630  0.4854102E+00  0.3526712E+00 -0.1210000E+00
   631  0.0000000E+00  0.0000000E+00 -0.1210000E+00
   632  0.0000000E+00  0.0000000E+00 -0.1210000E+00
   633  0.1213526E+00  0.8816780E-01 -0.1210000E+00
   634  0.1129607E+00  0.9869080E-01 -0.1210000E+00
   635  0.2427051E+00  0.1763356E+00 -0.1210000E+00
   636  0.2259215E+00  0.1973816E+00 -0.1210000E+00
   637  0.3640577E+00  0.2645034E+00 -0.1210000E+00
   638  0.3388822E+00  0.2960724E+00 -0.1210000E+00
   639  0.4854102E+00  0.3526712E+00 -0.1210000E+00
   640  0.4518429E+00  0.3947632E+00 -0.1210000E+00
   641  0.0000000E+00  0.0000000E+00 -0.1210000E+00
   642  0.0000000E+00  0.0000000E+00 -0.1210000E+00
   643  0.1129607E+00  0.9869080E-01 -0.1210000E+00
   644  0.1036594E+00  0.1084192E+00 -0.1210000E+00
   645  0.2259215E+00  0.1973816E+00 -0.1210000E+00
   646  0.2073188E+00  0.2168384E+00 -0.1210000E+00
   647  0.3388822E+00  0.2960724E+00 -0.1210000E+00
   648  0.3109782E+00  0.3252577E+00 -0.1210000E+00
   649  0.4518429E+00  0.3947632E+00 -0.1210000E+00
   650  0.4146376E+00  0.4336769E+00 -0.1210000E+00
   651  0.0000000E+00  0.0000000E+00 -0.1210000E+00
   652  0.0000000E+00  0.0000000E+00 -0.1210000E+00
   653  0.1036594E+00  0.1084192E+00 -0.1210000E+00
   654  0.9352350E-01  0.1172747E+00 -0.1210000E+00
   655  0.2073188E+00  0.2168384E+00 -0.1210000E+00
   656  0.1870469E+00  0.2345494E+00 -0.1210000E+00
   657  0.3109782E+00  0.3252577E+00 -0.1210000E+00
   658  0.2805704E+00  0.3518242E+00 -0.1210000E+00
   659  0.4146376E+00  0.4336769E+00 -0.1210000E+00
   660  0.3740939E+00  0.4690989E+00 -0.1210000E+00
   661  0.0000000E+00  0.0000000E+00 -0.1210000E+00
   662  0.0000000E+00  0.0000000E+00 -0.1210000E+00
   663  0.9352350E-01  0.1172747E+00 -0.1210000E+00
   664  0.8263460E-01  0.1251860E+00 -0.1210000E+00
   665  0.1870469E+00  0.2345494E+00 -0.1210000E+00
   666  0.1652691E+00  0.2503720E+00 -0.1210000E+00
   667  0.2805704E+00  0.3518242E+00 -0.1210000E+00
   668  0.2479037E+00  0.3755580E+00 -0.1210000E+00
   669  0.3740939E+00  0.4690989E+00 -0.1210000E+00
   670  0.3305382E+00  0.5007440E+00 -0.1210000E+00
   671  0.0000000E+00  0.0000000E+00 -0.1210000E+00
   672  0.0000000E+00  0.0000000E+00 -0.1210000E+00
   673  0.8263460E-01  0.1251860E+00 -0.1210000E+00
   674  0.7108030E-01  0.1320893E+00 -0.1210000E+00
   675  0.1652691E+00  0.2503720E+00 -0.1210000E+00
   676  0.1421606E+00  0.2641787E+00 -0.1210000E+00
   677  0.2479037E+00  0.3755580E+00 -0.1210000E+00
   678  0.2132409E+00  0.3962680E+00 -0.1210000E+00
   679  0.3305382E+00  0.5007440E+00 -0.1210000E+00
   680  0.2843212E+00  0.5283573E+00 -0.1210000E+00
   681  0.0000000E+00  0.0000000E+00 -0.1210000E+00
   682  0.0000000E+00  0.0000000E+00 -0.1210000E+00
   683  0.7108030E-01  0.1320893E+00 -0.1210000E+00
   684  0.5895380E-01  0.1379292E+00 -0.1210000E+00
   685  0.1421606E+00  0.2641787E+00 -0.1210000E+00
   686  0.1179075E+00  0.2758583E+00 -0.1210000E+00
   687  0.2132409E+00  0.3962680E+00 -0.1210000E+00
   688  0.1768613E+00  0.4137875E+00 -0.1210000E+00
   689  0.2843212E+00  0.5283573E+00 -0.1210000E+00
   690  0.2358150E+00  0.5517167E+00 -0.1210000E+00
   691  0.0000000E+00  0.0000000E+00 -0.1210000E+00
   692  0.0000000E+00  0.0000000E+00 -0.1210000E+00
   693  0.5895380E-01  0.1379292E+00 -0.1210000E+00
   694  0.4635260E-01  0.1426585E+00 -0.1210000E+00
   695  0.1179075E+00  0.2758583E+00 -0.1210000E+00
   696  0.9270510E-01  0.2853169E+00 -0.1210000E+00
   697  0.1768613E+00  0.4137875E+00 -0.1210000E+00
   698  0.1390577E+00  0.4279754E+00 -0.1210000E+00
   699  0.2358150E+00  0.5517167E+00 -0.1210000E+00
   700  0.1854102E+00  0.5706339E+00 -0.1210000E+00
   701  0.0000000E+00  0.0000000E+00 -0.1210000E+00
   702  0.0000000E+00  0.0000000E+00 -0.1210000E+00
   703  0.4635260E-01  0.1426585E+00 -0.1210000E+00
   704  0.3337820E-01  0.1462392E+00 -0.1210000E+00
   705  0.9270510E-01  0.2853169E+00 -0.1210000E+00
   706  0.6675630E-01  0.2924784E+00 -0.1210000E+00
   707  0.1390577E+00  0.4279754E+00 -0.1210000E+00
   708  0.1001344E+00  0.4387175E+00 -0.1210000E+00
   709  0.1854102E+00  0.5706339E+00 -0.1210000E+00
   710  0.1335126E+00  0.5849567E+00 -0.1210000E+00
   711  0.0000000E+00  0.0000000E+00 -0.1210000E+00
   712  0.0000000E+00  0.0000000E+00 -0.1210000E+00
   713  0.3337820E-01  0.1462392E+00 -0.1210000E+00
   714  0.2013500E-01  0.1486425E+00 -0.1210000E+00
   715  0.6675630E-01  0.2924784E+00 -0.1210000E+00
   716  0.4027000E-01  0.2972850E+00 -0.1210000E+00
   717  0.1001344E+00  0.4387175E+00 -0.1210000E+00
   718  0.6040500E-01  0.4459274E+00 -0.1210000E+00
   719  0.1335126E+00  0.5849567E+00 -0.1210000E+00
   720  0.8054000E-01  0.5945699E+00 -0.1210000E+00
   721  0.0000000E+00  0.0000000E+00 -0.1210000E+00
   722  0.0000000E+00  0.0000000E+00 -0.1210000E+00
   723  0.2013500E-01  0.1486425E+00 -0.1210000E+00
   724  0.6729700E-02  0.1498490E+00 -0.1210000E+00
   725  0.4027000E-01  0.2972850E+00 -0.1210000E+00
   726  0.1345940E-01  0.2996979E+00 -0.1210000E+00
   727  0.6040500E-01  0.4459274E+00 -0.1210000E+00
   728  0.2018920E-01  0.4495469E+00 -0.1210000E+00
   729  0.8054000E-01  0.5945699E+00 -0.1210000E+00
   730  0.2691890E-01  0.5993958E+00 -0.1210000E+00
   731  0.0000000E+00  0.0000000E+00 -0.1210000E+00
   732  0.0000000E+00  0.0000000E+00 -0.1210000E+00
   733  0.6729700E-02  0.1498490E+00 -0.1210000E+00
   734 -0.6729700E-02  0.1498490E+00 -0.1210000E+00
   735  0.1345940E-01  0.2996979E+00 -0.1210000E+00
   736 -0.1345940E-01  0.2996979E+00 -0.1210000E+00
   737  0.2018920E-01  0.4495469E+00 -0.1210000E+00
   738 -0.2018920E-01  0.4495469E+00 -0.1210000E+00
   739  0.2691890E-01  0.5993958E+00 -0.1210000E+00
   740 -0.2691890E-01  0.5993958E+00 -0.1210000E+00
   741  0.0000000E+00  0.0000000E+00 -0.1210000E+00
   742  0.0000000E+00  0.0000000E+00 -0.1210000E+00
   743 -0.6729700E-02  0.1498490E+00 -0.1210000E+00
   744 -0.2013500E-01  0.1486425E+00 -0.1210000E+00
   745 -0.1345940E-01  0.2996979E+00 -0.1210000E+00
   746 -0.4027000E-01  0.2972850E+00 -0.1210000E+00
   747 -0.2018920E-01  0.4495469E+00 -0.1210000E+00
   748 -0.6040500E-01  0.4459274E+00 -0.1210000E+00
   749 -0.2691890E-01  0.5993958E+00 -0.1210000E+00
   750 -0.8054000E-01  0.5945699E+00 -0.1210000E+00
   751  0.0000000E+00  0.0000000E+00 -0.1210000E+00
   752  0.0000000E+00  0.0000000E+00 -0.1210000E+00
   753 -0.2013500E-01  0.1486425E+00 -0.1210000E+00
   754 -0.3337820E-01  0.1462392E+00 -0.1210000E+00
   755 -0.4027000E-01  0.2972850E+00 -0.1210000E+00
   756 -0.6675630E-01  0.2924784E+00 -0.1210000E+00
   757 -0.6040500E-01  0.4459274E+00 -0.1210000E+00
   758 -0.1001344E+00  0.4387175E+00 -0.1210000E+00
   759 -0.8054000E-01  0.5945699E+00 -0.1210000E+00
   760 -0.1335126E+00  0.5849567E+00 -0.1210000E+00
   761  0.0000000E+00  0.0000000E+00 -0.1210000E+00
   762  0.0000000E+00  0.0000000E+00 -0.1210000E+00
   763 -0.3337820E-01  0.1462392E+00 -0.1210000E+00
   764 -0.4635260E-01  0.1426585E+00 -0.1210000E+00
   765 -0.6675630E-01  0.2924784E+00 -0.1210000E+00
   766 -0.9270510E-01  0.2853169E+00 -0.1210000E+00
   767 -0.1001344E+00  0.4387175E+00 -0.1210000E+00
   768 -0.1390577E+00  0.4279754E+00 -0.1210000E+00
   769 -0.1335126E+00  0.5849567E+00 -0.1210000E+00
   770 -0.1854102E+00  0.5706339E+00 -0.1210000E+00
   771  0.0000000E+00  0.0000000E+00 -0.1210000E+00
   772  0.0000000E+00  0.0000000E+00 -0.1210000E+00
   773 -0.4635260E-01  0.1426585E+00 -0.1210000E+00
   774 -0.5895380E-01  0.1379292E+00 -0.1210000E+00
   775 -0.9270510E-01  0.2853169E+00 -0.1210000E+00
   776 -0.1179075E+00  0.2758583E+00 -0.1210000E+00
   777 -0.1390577E+00  0.4279754E+00 -0.1210000E+00
   778 -0.1768613E+00  0.4137875E+00 -0.1210000E+00
   779 -0.1854102E+00  0.5706339E+00 -0.1210000E+00
   780 -0.2358150E+00  0.5517167E+00 -0.1210000E+00
   781  0.0000000E+00  0.0000000E+00 -0.1210000E+00
   782  0.0000000E+00  0.0000000E+00 -0.1210000E+00
   783 -0.5895380E-01  0.1379292E+00 -0.1210000E+00
   784 -0.7108030E-01  0.1320893E+00 -0.1210000E+00
   785 -0.1179075E+00  0.2758583E+00 -0.1210000E+00
   786 -0.1421606E+00  0.2641787E+00 -0.1210000E+00
   787 -0.1768613E+00  0.4137875E+00 -0.1210000E+00
   788 -0.2132409E+00  0.3962680E+00 -0.1210000E+00
   789 -0.2358150E+00  0.5517167E+00 -0.1210000E+00
   790 -0.2843212E+00  0.5283573E+00 -0.1210000E+00
   791  0.0000000E+00  0.0000000E+00 -0.1210000E+00
   792  0.0000000E+00  0.0000000E+00 -0.1210000E+00
   793 -0.7108030E-01  0.1320893E+00 -0.1210000E+00
   794 -0.8263460E-01  0.1251860E+00 -0.1210000E+00
   795 -0.1421606E+00  0.2641787E+00 -0.1210000E+00
   796 -0.1652691E+00  0.2503720E+00 -0.1210000E+00
   797 -0.2132409E+00  0.3962680E+00 -0.1210000E+00
   798 -0.2479037E+00  0.3755580E+00 -0.1210000E+00
   799 -0.2843212E+00  0.5283573E+00 -0.1210000E+00
   800 -0.3305382E+00  0.5007440E+00 -0.1210000E+00
   801  0.0000000E+00  0.0000000E+00 -0.1210000E+00
   802  0.0000000E+00  0.0000000E+00 -0.1210000E+00
   803 -0.8263460E-01  0.1251860E+00 -0.1210000E+00
   804 -0.9352350E-01  0.1172747E+00 -0.1210000E+00
   805 -0.1652691E+00  0.2503720E+00 -0.1210000E+00
   806 -0.1870469E+00  0.2345494E+00 -0.1210000E+00
   807 -0.2479037E+00  0.3755580E+00 -0.1210000E+00
   808 -0.2805704E+00  0.3518242E+00 -0.1210000E+00
   809 -0.3305382E+00  0.5007440E+00 -0.1210000E+00
   810 -0.3740939E+00  0.4690989E+00 -0.1210000E+00
   811  0.0000000E+00  0.0000000E+00 -0.1210000E+00
   812  0.0000000E+00  0.0000000E+00 -0.1210000E+00
   813 -0.9352350E-01  0.1172747E+00 -0.1210000E+00
   814 -0.1036594E+00  0.1084192E+00 -0.1210000E+00
   815 -0.1870469E+00  0.2345494E+00 -0.1210000E+00
   816 -0.2073188E+00  0.2168384E+00 -0.1210000E+00
   817 -0.2805704E+00  0.3518242E+00 -0.1210000E+00
   818 -0.3109782E+00  0.3252577E+00 -0.1210000E+00
   819 -0.3740939E+00  0.4690989E+00 -0.1210000E+00
   820 -0.4146376E+00  0.4336769E+00 -0.1210000E+00
   821  0.0000000E+00  0.0000000E+00 -0.1210000E+00
   822  0.0000000E+00  0.0000000E+00 -0.1210000E+00
   823 -0.1036594E+00  0.1084192E+00 -0.1210000E+00
   824 -0.1129607E+00  0.9869080E-01 -0.1210000E+00
   825 -0.2073188E+00  0.2168384E+00 -0.1210000E+00
   826 -0.2259215E+00  0.1973816E+00 -0.1210000E+00
   827 -0.3109782E+00  0.3252577E+00 -0.1210000E+00
   828 -0.3388822E+00  0.2960724E+00 -0.1210000E+00
   829 -0.4146376E+00  0.4336769E+00 -0.1210000E+00
   830 -0.4518429E+00  0.3947632E+00 -0.1210000E+00
   831  0.0000000E+00  0.0000000E+00 -0.1210000E+00
   832  0.0000000E+00  0.0000000E+00 -0.1210000E+00
   833 -0.1129607E+00  0.9869080E-01 -0.1210000E+00
   834 -0.1213526E+00  0.8816780E-01 -0.1210000E+00
   835 -0.2259215E+00  0.1973816E+00 -0.1210000E+00
   836 -0.2427051E+00  0.1763356E+00 -0.1210000E+00
   837 -0.3388822E+00  0.2960724E+00 -0.1210000E+00
   838 -0.3640577E+00  0.2645034E+00 -0.1210000E+00
   839 -0.4518429E+00  0.3947632E+00 -0.1210000E+00
   840 -0.4854102E+00  0.3526712E+00 -0.1210000E+00
   841  0.0000000E+00  0.0000000E+00 -0.1210000E+00
   842  0.0000000E+00  0.0000000E+00 -0.1210000E+00
   843 -0.1213526E+00  0.8816780E-01 -0.1210000E+00
   844 -0.1287673E+00  0.7693490E-01 -0.1210000E+00
   845 -0.2427051E+00  0.1763356E+00 -0.1210000E+00
   846 -0.2575347E+00  0.1538698E+00 -0.1210000E+00
   847 -0.3640577E+00  0.2645034E+00 -0.1210000E+00
   848 -0.3863020E+00  0.2308047E+00 -0.1210000E+00
   849 -0.4854102E+00  0.3526712E+00 -0.1210000E+00
   850 -0.5150693E+00  0.3077396E+00 -0.1210000E+00
   851  0.0000000E+00  0.0000000E+00 -0.1210000E+00
   852  0.0000000E+00  0.0000000E+00 -0.1210000E+00
   853 -0.1287673E+00  0.7693490E-01 -0.1210000E+00
   854 -0.1351453E+00  0.6508260E-01 -0.1210000E+00
   855 -0.2575347E+00  0.1538698E+00 -0.1210000E+00
   856 -0.2702906E+00  0.1301651E+00 -0.1210000E+00
   857 -0.3863020E+00  0.2308047E+00 -0.1210000E+00
   858 -0.4054360E+00  0.1952477E+00 -0.1210000E+00
   859 -0.5150693E+00  0.3077396E+00 -0.1210000E+00
   860 -0.5405813E+00  0.2603302E+00 -0.1210000E+00
   861  0.0000000E+00  0.0000000E+00 -0.1210000E+00
   862  0.0000000E+00  0.0000000E+00 -0.1210000E+00
   863 -0.1351453E+00  0.6508260E-01 -0.1210000E+00
   864 -0.1404352E+00  0.5270620E-01 -0.1210000E+00
   865 -0.2702906E+00  0.1301651E+00 -0.1210000E+00
   866 -0.2808704E+00  0.1054125E+00 -0.1210000E+00
   867 -0.4054360E+00  0.1952477E+00 -0.1210000E+00
   868 -0.4213057E+00  0.1581187E+00 -0.1210000E+00
   869 -0.5405813E+00  0.2603302E+00 -0.1210000E+00
   870 -0.5617409E+00  0.2108249E+00 -0.1210000E+00
   871  0.0000000E+00  0.0000000E+00 -0.1210000E+00
   872  0.0000000E+00  0.0000000E+00 -0.1210000E+00
   873 -0.1404352E+00  0.5270620E-01 -0.1210000E+00
   874 -0.1445944E+00  0.3990550E-01 -0.1210000E+00
   875 -0.2808704E+00  0.1054125E+00 -0.1210000E+00
   876 -0.2891889E+00  0.7981110E-01 -0.1210000E+00
   877 -0.4213057E+00  0.1581187E+00 -0.1210000E+00
   878 -0.4337833E+00  0.1197166E+00 -0.1210000E+00
   879 -0.5617409E+00  0.2108249E+00 -0.1210000E+00
   880 -0.5783777E+00  0.1596221E+00 -0.1210000E+00
   881  0.0000000E+00  0.0000000E+00 -0.1210000E+00
   882  0.0000000E+00  0.0000000E+00 -0.1210000E+00
   883 -0.1445944E+00  0.3990550E-01 -0.1210000E+00
   884 -0.1475894E+00  0.2678350E-01 -0.1210000E+00
   885 -0.2891889E+00  0.7981110E-01 -0.1210000E+00
   886 -0.2951789E+00  0.5356700E-01 -0.1210000E+00
   887 -0.4337833E+00  0.1197166E+00 -0.1210000E+00
   888 -0.4427683E+00  0.8035060E-01 -0.1210000E+00
   889 -0.5783777E+00  0.1596221E+00 -0.1210000E+00
   890 -0.5903578E+00  0.1071341E+00 -0.1210000E+00
   891  0.0000000E+00  0.0000000E+00 -0.1210000E+00
   892  0.0000000E+00  0.0000000E+00 -0.1210000E+00
   893 -0.1475894E+00  0.2678350E-01 -0.1210000E+00
   894 -0.1493962E+00  0.1344590E-01 -0.1210000E+00
   895 -0.2951789E+00  0.5356700E-01 -0.1210000E+00
   896 -0.2987923E+00  0.2689180E-01 -0.1210000E+00
   897 -0.4427683E+00  0.8035060E-01 -0.1210000E+00
   898 -0.4481885E+00  0.4033770E-01 -0.1210000E+00
   899 -0.5903578E+00  0.1071341E+00 -0.1210000E+00
   900 -0.5975846E+00  0.5378360E-01 -0.1210000E+00
   901  0.0000000E+00  0.0000000E+00 -0.1210000E+00
   902  0.0000000E+00  0.0000000E+00 -0.1210000E+00
   903 -0.1493962E+00  0.1344590E-01 -0.1210000E+00
   904 -0.1500000E+00  0.0000000E+00 -0.1210000E+00
   905 -0.2987923E+00  0.2689180E-01 -0.1210000E+00
   906 -0.3000000E+00  0.0000000E+00 -0.1210000E+00
   907 -0.4481885E+00  0.4033770E-01 -0.1210000E+00
   908 -0.4500000E+00  0.0000000E+00 -0.1210000E+00
   909 -0.5975846E+00  0.5378360E-01 -0.1210000E+00
   910 -0.6000000E+00  0.0000000E+00 -0.1210000E+00
     0  0.0000000E+00  0.0000000E+00  0.0000000E+00
      1      2      4      3
      5      6      8      7
      9     10     12     11
     13     14     16     15
     17     18     20     19
     21     22     24     23
     25     26     28     27
     29     30     32     31
     33     34     36     35
     37     38     40     39
     41     42     44     43
     45     46     48     47
     49     50     52     51
     53     54     56     55
     57     58     60     59
     61     62     64     63
     65     66     68     67
     69     70     72     71
     73     74     76     75
     77     78     80     79
     81     82     84     83
     85     86     88     87
     89     90     92     91
     93     94     96     95
     97     98    100     99
    101    102    104    103
    105    106    108    107
    109    110    112    111
    113    114    116    115
    117    118    120    119
    121    122    124    123
    125    126    128    127
    129    130    132    131
    133    134    136    135
    137    138    140    139
    141    142    144    143
    143    144    146    145
    145    146    148    147
    149    150    152    151
    151    152    154    153
    153    154    156    155
    157    158    160    159
    159    160    162    161
    161    162    164    163
    165    166    168    167
    167    168    170    169
    169    170    172    171
    173    174    176    175
    175    176    178    177
    177    178    180    179
    181    182    184    183
    183    184    186    185
    185    186    188    187
    189    190    192    191
    191    192    194    193
    193    194    196    195
    197    198    200    199
    199    200    202    201
    201    202    204    203
    205    206    208    207
    207    208    210    209
    209    210    212    211
    213    214    216    215
    215    216    218    217
    217    218    220    219
    221    222    224    223
    223    224    226    225
    225    226    228    227
    229    230    232    231
    231    232    234    233
    233    234    236    235
    237    238    240    239
    239    240    242    241
    241    242    244    243
    245    246    248    247
    247    248    250    249
    249    250    252    251
    253    254    256    255
    255    256    258    257
    257    258    260    259
    261    262    264    263
    263    264    266    265
    265    266    268    267
    269    270    272    271
    271    272    274    273
    273    274    276    275
    277    278    280    279
    279    280    282    281
    281    282    284    283
    285    286    288    287
    287    288    290    289
    289    290    292    291
    293    294    296    295
    295    296    298    297
    297    298    300    299
    301    302    304    303
    303    304    306    305
    305    306    308    307
    309    310    312    311
    311    312    314    313
    313    314    316    315
    317    318    320    319
    319    320    322    321
    321    322    324    323
    325    326    328    327
    327    328    330    329
    329    330    332    331
    333    334    336    335
    335    336    338    337
    337    338    340    339
    341    342    344    343
    343    344    346    345
    345    346    348    347
    349    350    352    351
    351    352    354    353
    353    354    356    355
    357    358    360    359
    359    360    362    361
    361    362    364    363
    365    366    368    367
    367    368    370    369
    369    370    372    371
    373    374    376    375
    375    376    378    377
    377    378    380    379
    381    382    384    383
    383    384    386    385
    385    386    388    387
    389    390    392    391
    391    392    394    393
    393    394    396    395
    397    398    400    399
    399    400    402    401
    401    402    404    403
    405    406    408    407
    407    408    410    409
    409    410    412    411
    413    414    416    415
    415    416    418    417
    417    418    420    419
    421    422    424    423
    425    426    428    427
    429    430    432    431
    433    434    436    435
    437    438    440    439
    441    442    444    443
    445    446    448    447
    449    450    452    451
    453    454    456    455
    457    458    460    459
    461    462    464    463
    465    466    468    467
    469    470    472    471
    473    474    476    475
    477    478    480    479
    481    482    484    483
    485    486    488    487
    489    490    492    491
    493    494    496    495
    497    498    500    499
    501    502    504    503
    505    506    508    507
    509    510    512    511
    513    514    516    515
    517    518    520    519
    521    522    524    523
    525    526    528    527
    529    530    532    531
    533    534    536    535
    537    538    540    539
    541    542    544    543
    545    546    548    547
    549    550    552    551
    553    554    556    555
    557    558    560    559
    561    562    564    563
    563    564    566    565
    565    566    568    567
    567    568    570    569
    571    572    574    573
    573    574    576    575
    575    576    578    577
    577    578    580    579
    581    582    584    583
    583    584    586    585
    585    586    588    587
    587    588    590    589
    591    592    594    593
    593    594    596    595
    595    596    598    597
    597    598    600    599
    601    602    604    603
    603    604    606    605
    605    606    608    607
    607    608    610    609
    611    612    614    613
    613    614    616    615
    615    616    618    617
    617    618    620    619
    621    622    624    623
    623    624    626    625
    625    626    628    627
    627    628    630    629
    631    632    634    633
    633    634    636    635
    635    636    638    637
    637    638    640    639
    641    642    644    643
    643    644    646    645
    645    646    648    647
    647    648    650    649
    651    652    654    653
    653    654    656    655
    655    656    658    657
    657    658    660    659
    661    662    664    663
    663    664    666    665
    665    666    668    667
    667    668    670    669
    671    672    674    673
    673    674    676    675
    675    676    678    677
    677    678    680    679
    681    682    684    683
    683    684    686    685
    685    686    688    687
    687    688    690    689
    691    692    694    693
    693    694    696    695
    695    696    698    697
    697    698    700    699
    701    702    704    703
    703    704    706    705
    705    706    708    707
    707    708    710    709
    711    712    714    713
    713    714    716    715
    715    716    718    717
    717    718    720    719
    721    722    724    723
    723    724    726    725
    725    726    728    727
    727    728    730    729
    731    732    734    733
    733    734    736    735
    735    736    738    737
    737    738    740    739
    741    742    744    743
    743    744    746    745
    745    746    748    747
    747    748    750    749
    751    752    754    753
    753    754    756    755
    755    756    758    757
    757    758    760    759
    761    762    764    763
    763    764    766    765
    765    766    768    767
    767    768    770    769
    771    772    774    773
    773    774    776    775
    775    776    778    777
    777    778    780    779
    781    782    784    783
    783    784    786    785
    785    786    788    787
    787    788    790    789
    791    792    794    793
    793    794    796    795
    795    796    798    797
    797    798    800    799
    801    802    804    803
    803    804    806    805
    805    806    808    807
    807    808    810    809
    811    812    814    813
    813    814    816    815
    815    816    818    817
    817    818    820    819
    821    822    824    823
    823    824    826    825
    825    826    828    827
    827    828    830    829
    831    832    834    833
    833    834    836    835
    835    836    838    837
    837    838    840    839
    841    842    844    843
    843    844    846    845
    845    846    848    847
    847    848    850    849
    851    852    854    853
    853    854    856    855
    855    856    858    857
    857    858    860    859
    861    862    864    863
    863    864    866    865
    865    866    868    867
    867    868    870    869
    871    872    874    873
    873    874    876    875
    875    876    878    877
    877    878    880    879
    881    882    884    883
    883    884    886    885
    885    886    888    887
    887    888    890    889
    891    892    894    893
    893    894    896    895
    895    896    898    897
    897    898    900    899
    901    902    904    903
    903    904    906    905
    905    906    908    907
    907    908    910    909
      0      0      0      0
