180 
140 
1.750000E-01 0.000000E+00 0.000000E+00 
1.750000E-01 0.000000E+00 -1.200000E-01 
6.800000E-01 0.000000E+00 -1.200000E-01 
6.800000E-01 0.000000E+00 -1.210000E-01 
0.000000E+00 0.000000E+00 -1.210000E-01 
1.742955E-01 1.568688E-02 0.000000E+00 
1.742955E-01 1.568688E-02 -1.200000E-01 
6.772625E-01 6.095473E-02 -1.200000E-01 
6.772625E-01 6.095473E-02 -1.210000E-01 
0.000000E+00 0.000000E+00 -1.210000E-01 
1.721877E-01 3.124746E-02 0.000000E+00 
1.721877E-01 3.124746E-02 -1.200000E-01 
6.690721E-01 1.214187E-01 -1.200000E-01 
6.690721E-01 1.214187E-01 -1.210000E-01 
0.000000E+00 0.000000E+00 -1.210000E-01 
1.686935E-01 4.655645E-02 0.000000E+00 
1.686935E-01 4.655645E-02 -1.200000E-01 
6.554947E-01 1.809051E-01 -1.200000E-01 
6.554947E-01 1.809051E-01 -1.210000E-01 
0.000000E+00 0.000000E+00 -1.210000E-01 
1.638411E-01 6.149059E-02 0.000000E+00 
1.638411E-01 6.149059E-02 -1.200000E-01 
6.366397E-01 2.389349E-01 -1.200000E-01 
6.366397E-01 2.389349E-01 -1.210000E-01 
0.000000E+00 0.000000E+00 -1.210000E-01 
1.576696E-01 7.592965E-02 0.000000E+00 
1.576696E-01 7.592965E-02 -1.200000E-01 
6.126588E-01 2.950409E-01 -1.200000E-01 
6.126588E-01 2.950409E-01 -1.210000E-01 
0.000000E+00 0.000000E+00 -1.210000E-01 
1.502285E-01 8.975737E-02 0.000000E+00 
1.502285E-01 8.975737E-02 -1.200000E-01 
5.837452E-01 3.487715E-01 -1.200000E-01 
5.837452E-01 3.487715E-01 -1.210000E-01 
0.000000E+00 0.000000E+00 -1.210000E-01 
1.415780E-01 1.028624E-01 0.000000E+00 
1.415780E-01 1.028624E-01 -1.200000E-01 
5.501316E-01 3.996940E-01 -1.200000E-01 
5.501316E-01 3.996940E-01 -1.210000E-01 
0.000000E+00 0.000000E+00 -1.210000E-01 
1.317875E-01 1.151393E-01 0.000000E+00 
1.317875E-01 1.151393E-01 -1.200000E-01 
5.120886E-01 4.473983E-01 -1.200000E-01 
5.120886E-01 4.473983E-01 -1.210000E-01 
0.000000E+00 0.000000E+00 -1.210000E-01 
1.209360E-01 1.264891E-01 0.000000E+00 
1.209360E-01 1.264891E-01 -1.200000E-01 
4.699226E-01 4.915005E-01 -1.200000E-01 
4.699226E-01 4.915005E-01 -1.210000E-01 
0.000000E+00 0.000000E+00 -1.210000E-01 
1.091107E-01 1.368205E-01 0.000000E+00 
1.091107E-01 1.368205E-01 -1.200000E-01 
4.239731E-01 5.316454E-01 -1.200000E-01 
4.239731E-01 5.316454E-01 -1.210000E-01 
0.000000E+00 0.000000E+00 -1.210000E-01 
9.640697E-02 1.460503E-01 0.000000E+00 
9.640697E-02 1.460503E-01 -1.200000E-01 
3.746099E-01 5.675098E-01 -1.200000E-01 
3.746099E-01 5.675098E-01 -1.210000E-01 
0.000000E+00 0.000000E+00 -1.210000E-01 
8.292702E-02 1.541042E-01 0.000000E+00 
8.292702E-02 1.541042E-01 -1.200000E-01 
3.222307E-01 5.988050E-01 -1.200000E-01 
3.222307E-01 5.988050E-01 -1.210000E-01 
0.000000E+00 0.000000E+00 -1.210000E-01 
6.877938E-02 1.609174E-01 0.000000E+00 
6.877938E-02 1.609174E-01 -1.200000E-01 
2.672570E-01 6.252789E-01 -1.200000E-01 
2.672570E-01 6.252789E-01 -1.210000E-01 
0.000000E+00 0.000000E+00 -1.210000E-01 
5.407797E-02 1.664349E-01 0.000000E+00 
5.407797E-02 1.664349E-01 -1.200000E-01 
2.101316E-01 6.467184E-01 -1.200000E-01 
2.101316E-01 6.467184E-01 -1.210000E-01 
0.000000E+00 0.000000E+00 -1.210000E-01 
3.894116E-02 1.706124E-01 0.000000E+00 
3.894116E-02 1.706124E-01 -1.200000E-01 
1.513142E-01 6.629510E-01 -1.200000E-01 
1.513142E-01 6.629510E-01 -1.210000E-01 
0.000000E+00 0.000000E+00 -1.210000E-01 
2.349082E-02 1.734162E-01 0.000000E+00 
2.349082E-02 1.734162E-01 -1.200000E-01 
9.127862E-02 6.738458E-01 -1.200000E-01 
9.127862E-02 6.738458E-01 -1.210000E-01 
0.000000E+00 0.000000E+00 -1.210000E-01 
7.851345E-03 1.748238E-01 0.000000E+00 
7.851345E-03 1.748238E-01 -1.200000E-01 
3.050808E-02 6.793153E-01 -1.200000E-01 
3.050808E-02 6.793153E-01 -1.210000E-01 
0.000000E+00 0.000000E+00 -1.210000E-01 
-7.851345E-03 1.748238E-01 0.000000E+00 
-7.851345E-03 1.748238E-01 -1.200000E-01 
-3.050808E-02 6.793153E-01 -1.200000E-01 
-3.050808E-02 6.793153E-01 -1.210000E-01 
-0.000000E+00 0.000000E+00 -1.210000E-01 
-2.349082E-02 1.734162E-01 0.000000E+00 
-2.349082E-02 1.734162E-01 -1.200000E-01 
-9.127862E-02 6.738458E-01 -1.200000E-01 
-9.127862E-02 6.738458E-01 -1.210000E-01 
-0.000000E+00 0.000000E+00 -1.210000E-01 
-3.894116E-02 1.706124E-01 0.000000E+00 
-3.894116E-02 1.706124E-01 -1.200000E-01 
-1.513142E-01 6.629510E-01 -1.200000E-01 
-1.513142E-01 6.629510E-01 -1.210000E-01 
-0.000000E+00 0.000000E+00 -1.210000E-01 
-5.407797E-02 1.664349E-01 0.000000E+00 
-5.407797E-02 1.664349E-01 -1.200000E-01 
-2.101316E-01 6.467184E-01 -1.200000E-01 
-2.101316E-01 6.467184E-01 -1.210000E-01 
-0.000000E+00 0.000000E+00 -1.210000E-01 
-6.877938E-02 1.609174E-01 0.000000E+00 
-6.877938E-02 1.609174E-01 -1.200000E-01 
-2.672570E-01 6.252789E-01 -1.200000E-01 
-2.672570E-01 6.252789E-01 -1.210000E-01 
-0.000000E+00 0.000000E+00 -1.210000E-01 
-8.292702E-02 1.541042E-01 0.000000E+00 
-8.292702E-02 1.541042E-01 -1.200000E-01 
-3.222307E-01 5.988050E-01 -1.200000E-01 
-3.222307E-01 5.988050E-01 -1.210000E-01 
-0.000000E+00 0.000000E+00 -1.210000E-01 
-9.640697E-02 1.460503E-01 0.000000E+00 
-9.640697E-02 1.460503E-01 -1.200000E-01 
-3.746099E-01 5.675098E-01 -1.200000E-01 
-3.746099E-01 5.675098E-01 -1.210000E-01 
-0.000000E+00 0.000000E+00 -1.210000E-01 
-1.091107E-01 1.368205E-01 0.000000E+00 
-1.091107E-01 1.368205E-01 -1.200000E-01 
-4.239731E-01 5.316454E-01 -1.200000E-01 
-4.239731E-01 5.316454E-01 -1.210000E-01 
-0.000000E+00 0.000000E+00 -1.210000E-01 
-1.209360E-01 1.264891E-01 0.000000E+00 
-1.209360E-01 1.264891E-01 -1.200000E-01 
-4.699226E-01 4.915005E-01 -1.200000E-01 
-4.699226E-01 4.915005E-01 -1.210000E-01 
-0.000000E+00 0.000000E+00 -1.210000E-01 
-1.317875E-01 1.151393E-01 0.000000E+00 
-1.317875E-01 1.151393E-01 -1.200000E-01 
-5.120886E-01 4.473983E-01 -1.200000E-01 
-5.120886E-01 4.473983E-01 -1.210000E-01 
-0.000000E+00 0.000000E+00 -1.210000E-01 
-1.415780E-01 1.028624E-01 0.000000E+00 
-1.415780E-01 1.028624E-01 -1.200000E-01 
-5.501316E-01 3.996940E-01 -1.200000E-01 
-5.501316E-01 3.996940E-01 -1.210000E-01 
-0.000000E+00 0.000000E+00 -1.210000E-01 
-1.502285E-01 8.975737E-02 0.000000E+00 
-1.502285E-01 8.975737E-02 -1.200000E-01 
-5.837452E-01 3.487715E-01 -1.200000E-01 
-5.837452E-01 3.487715E-01 -1.210000E-01 
-0.000000E+00 0.000000E+00 -1.210000E-01 
-1.576696E-01 7.592965E-02 0.000000E+00 
-1.576696E-01 7.592965E-02 -1.200000E-01 
-6.126588E-01 2.950409E-01 -1.200000E-01 
-6.126588E-01 2.950409E-01 -1.210000E-01 
-0.000000E+00 0.000000E+00 -1.210000E-01 
-1.638411E-01 6.149059E-02 0.000000E+00 
-1.638411E-01 6.149059E-02 -1.200000E-01 
-6.366397E-01 2.389349E-01 -1.200000E-01 
-6.366397E-01 2.389349E-01 -1.210000E-01 
-0.000000E+00 0.000000E+00 -1.210000E-01 
-1.686935E-01 4.655645E-02 0.000000E+00 
-1.686935E-01 4.655645E-02 -1.200000E-01 
-6.554947E-01 1.809051E-01 -1.200000E-01 
-6.554947E-01 1.809051E-01 -1.210000E-01 
-0.000000E+00 0.000000E+00 -1.210000E-01 
-1.721877E-01 3.124746E-02 0.000000E+00 
-1.721877E-01 3.124746E-02 -1.200000E-01 
-6.690721E-01 1.214187E-01 -1.200000E-01 
-6.690721E-01 1.214187E-01 -1.210000E-01 
-0.000000E+00 0.000000E+00 -1.210000E-01 
-1.742955E-01 1.568688E-02 0.000000E+00 
-1.742955E-01 1.568688E-02 -1.200000E-01 
-6.772625E-01 6.095473E-02 -1.200000E-01 
-6.772625E-01 6.095473E-02 -1.210000E-01 
-0.000000E+00 0.000000E+00 -1.210000E-01 
-1.750000E-01 2.143132E-17 0.000000E+00 
-1.750000E-01 2.143132E-17 -1.200000E-01 
-6.800000E-01 8.327598E-17 -1.200000E-01 
-6.800000E-01 8.327598E-17 -1.210000E-01 
-0.000000E+00 0.000000E+00 -1.210000E-01 
1 2 7 6 
6 7 12 11 
11 12 17 16 
16 17 22 21 
21 22 27 26 
26 27 32 31 
31 32 37 36 
36 37 42 41 
41 42 47 46 
46 47 52 51 
51 52 57 56 
56 57 62 61 
61 62 67 66 
66 67 72 71 
71 72 77 76 
76 77 82 81 
81 82 87 86 
86 87 92 91 
91 92 97 96 
96 97 102 101 
101 102 107 106 
106 107 112 111 
111 112 117 116 
116 117 122 121 
121 122 127 126 
126 127 132 131 
131 132 137 136 
136 137 142 141 
141 142 147 146 
146 147 152 151 
151 152 157 156 
156 157 162 161 
161 162 167 166 
166 167 172 171 
171 172 177 176 
2 3 8 7 
7 8 13 12 
12 13 18 17 
17 18 23 22 
22 23 28 27 
27 28 33 32 
32 33 38 37 
37 38 43 42 
42 43 48 47 
47 48 53 52 
52 53 58 57 
57 58 63 62 
62 63 68 67 
67 68 73 72 
72 73 78 77 
77 78 83 82 
82 83 88 87 
87 88 93 92 
92 93 98 97 
97 98 103 102 
102 103 108 107 
107 108 113 112 
112 113 118 117 
117 118 123 122 
122 123 128 127 
127 128 133 132 
132 133 138 137 
137 138 143 142 
142 143 148 147 
147 148 153 152 
152 153 158 157 
157 158 163 162 
162 163 168 167 
167 168 173 172 
172 173 178 177 
3 4 9 8 
8 9 14 13 
13 14 19 18 
18 19 24 23 
23 24 29 28 
28 29 34 33 
33 34 39 38 
38 39 44 43 
43 44 49 48 
48 49 54 53 
53 54 59 58 
58 59 64 63 
63 64 69 68 
68 69 74 73 
73 74 79 78 
78 79 84 83 
83 84 89 88 
88 89 94 93 
93 94 99 98 
98 99 104 103 
103 104 109 108 
108 109 114 113 
113 114 119 118 
118 119 124 123 
123 124 129 128 
128 129 134 133 
133 134 139 138 
138 139 144 143 
143 144 149 148 
148 149 154 153 
153 154 159 158 
158 159 164 163 
163 164 169 168 
168 169 174 173 
173 174 179 178 
4 5 10 9 
9 10 15 14 
14 15 20 19 
19 20 25 24 
24 25 30 29 
29 30 35 34 
34 35 40 39 
39 40 45 44 
44 45 50 49 
49 50 55 54 
54 55 60 59 
59 60 65 64 
64 65 70 69 
69 70 75 74 
74 75 80 79 
79 80 85 84 
84 85 90 89 
89 90 95 94 
94 95 100 99 
99 100 105 104 
104 105 110 109 
109 110 115 114 
114 115 120 119 
119 120 125 124 
124 125 130 129 
129 130 135 134 
134 135 140 139 
139 140 145 144 
144 145 150 149 
149 150 155 154 
154 155 160 159 
159 160 165 164 
164 165 170 169 
169 170 175 174 
174 175 180 179 
