           6
  1.8824278E-03  1.8672721E-03  1.8370798E-03  1.7920920E-03  1.7326797E-03
  1.6593360E-03  1.5726006E-03  1.4732274E-03  1.3619765E-03  1.2397671E-03
  1.1075771E-03  9.6646778E-04  8.1758376E-04  6.6209969E-04  5.0129951E-04
  3.3645629E-04  1.6891300E-04  0.0000000E+00 -1.6891300E-04 -3.3645629E-04
 -5.0129951E-04 -6.6209969E-04 -8.1758376E-04 -9.6646778E-04 -1.1075771E-03
 -1.2397671E-03 -1.3619765E-03 -1.4732274E-03 -1.5726006E-03 -1.6593360E-03
 -1.7326797E-03 -1.7920920E-03 -1.8370798E-03 -1.8672721E-03 -1.8824278E-03
  0.0000000E+00  0.0000000E+00  0.0000000E+00  0.0000000E+00  0.0000000E+00
  0.0000000E+00  0.0000000E+00  0.0000000E+00  0.0000000E+00  0.0000000E+00
  0.0000000E+00  0.0000000E+00  0.0000000E+00  0.0000000E+00  0.0000000E+00
  0.0000000E+00  0.0000000E+00  0.0000000E+00  0.0000000E+00  0.0000000E+00
  0.0000000E+00  0.0000000E+00  0.0000000E+00  0.0000000E+00  0.0000000E+00
  0.0000000E+00  0.0000000E+00  0.0000000E+00  0.0000000E+00  0.0000000E+00
  0.0000000E+00  0.0000000E+00  0.0000000E+00  0.0000000E+00  0.0000000E+00
  0.0000000E+00  0.0000000E+00  0.0000000E+00  0.0000000E+00  0.0000000E+00
  0.0000000E+00  0.0000000E+00  0.0000000E+00  0.0000000E+00  0.0000000E+00
  0.0000000E+00  0.0000000E+00  0.0000000E+00  0.0000000E+00  0.0000000E+00
  0.0000000E+00  0.0000000E+00  0.0000000E+00  0.0000000E+00  0.0000000E+00
  0.0000000E+00  0.0000000E+00  0.0000000E+00  0.0000000E+00  0.0000000E+00
  0.0000000E+00  0.0000000E+00  0.0000000E+00  0.0000000E+00  0.0000000E+00
  0.0000000E+00  0.0000000E+00  0.0000000E+00  0.0000000E+00  0.0000000E+00
  0.0000000E+00  0.0000000E+00  0.0000000E+00  0.0000000E+00  0.0000000E+00
  0.0000000E+00  0.0000000E+00  0.0000000E+00  0.0000000E+00  0.0000000E+00
  0.0000000E+00  0.0000000E+00  0.0000000E+00  0.0000000E+00  0.0000000E+00
  0.0000000E+00  0.0000000E+00  0.0000000E+00  0.0000000E+00  0.0000000E+00
  0.0000000E+00  0.0000000E+00  0.0000000E+00  0.0000000E+00  0.0000000E+00
  0.0000000E+00  0.0000000E+00  0.0000000E+00  0.0000000E+00  0.0000000E+00
  0.0000000E+00  0.0000000E+00  0.0000000E+00  0.0000000E+00  0.0000000E+00
  6.0954826E-05  6.0464121E-05  5.9486523E-05  5.8029917E-05  5.6106113E-05
  5.3730717E-05  5.0922587E-05  4.7704405E-05  4.4102282E-05  4.0145002E-05
  3.5864425E-05  3.1295302E-05  2.6473934E-05  2.1439537E-05  1.6232643E-05
  1.0894857E-05  5.4695120E-06  0.0000000E+00 -5.4695120E-06 -1.0894857E-05
 -1.6232643E-05 -2.1439537E-05 -2.6473934E-05 -3.1295302E-05 -3.5864425E-05
 -4.0145002E-05 -4.4102282E-05 -4.7704405E-05 -5.0922587E-05 -5.3730717E-05
 -5.6106113E-05 -5.8029917E-05 -5.9486523E-05 -6.0464121E-05 -6.0954826E-05
  0.0000000E+00  0.0000000E+00  0.0000000E+00  0.0000000E+00  0.0000000E+00
  0.0000000E+00  0.0000000E+00  0.0000000E+00  0.0000000E+00  0.0000000E+00
  0.0000000E+00  0.0000000E+00  0.0000000E+00  0.0000000E+00  0.0000000E+00
  0.0000000E+00  0.0000000E+00  0.0000000E+00  0.0000000E+00  0.0000000E+00
  0.0000000E+00  0.0000000E+00  0.0000000E+00  0.0000000E+00  0.0000000E+00
  0.0000000E+00  0.0000000E+00  0.0000000E+00  0.0000000E+00  0.0000000E+00
  0.0000000E+00  0.0000000E+00  0.0000000E+00  0.0000000E+00  0.0000000E+00
  0.0000000E+00  0.0000000E+00  0.0000000E+00  0.0000000E+00  0.0000000E+00
  0.0000000E+00  0.0000000E+00  0.0000000E+00  0.0000000E+00  0.0000000E+00
  0.0000000E+00  0.0000000E+00  0.0000000E+00  0.0000000E+00  0.0000000E+00
  0.0000000E+00  0.0000000E+00  0.0000000E+00  0.0000000E+00  0.0000000E+00
  0.0000000E+00  0.0000000E+00  0.0000000E+00  0.0000000E+00  0.0000000E+00
  0.0000000E+00  0.0000000E+00  0.0000000E+00  0.0000000E+00  0.0000000E+00
  0.0000000E+00  0.0000000E+00  0.0000000E+00  0.0000000E+00  0.0000000E+00
  0.0000000E+00  0.0000000E+00  0.0000000E+00  0.0000000E+00  0.0000000E+00
  0.0000000E+00  0.0000000E+00  0.0000000E+00  0.0000000E+00  0.0000000E+00
  0.0000000E+00  0.0000000E+00  0.0000000E+00  0.0000000E+00  0.0000000E+00
  0.0000000E+00  0.0000000E+00  0.0000000E+00  0.0000000E+00  0.0000000E+00
  0.0000000E+00  0.0000000E+00  0.0000000E+00  0.0000000E+00  0.0000000E+00
  0.0000000E+00  0.0000000E+00  0.0000000E+00  0.0000000E+00  0.0000000E+00
  0.0000000E+00  0.0000000E+00  0.0000000E+00  0.0000000E+00  0.0000000E+00
  0.0000000E+00  0.0000000E+00  0.0000000E+00  0.0000000E+00  0.0000000E+00
  0.0000000E+00  0.0000000E+00  0.0000000E+00  0.0000000E+00  0.0000000E+00
  0.0000000E+00  0.0000000E+00  0.0000000E+00  0.0000000E+00  0.0000000E+00
  0.0000000E+00  0.0000000E+00  0.0000000E+00  0.0000000E+00  0.0000000E+00
  0.0000000E+00  0.0000000E+00  0.0000000E+00  0.0000000E+00  0.0000000E+00
  0.0000000E+00  0.0000000E+00  0.0000000E+00  0.0000000E+00  0.0000000E+00
  0.0000000E+00  0.0000000E+00  0.0000000E+00  0.0000000E+00  0.0000000E+00
  0.0000000E+00  0.0000000E+00  0.0000000E+00  0.0000000E+00  0.0000000E+00
  0.0000000E+00  0.0000000E+00  0.0000000E+00  0.0000000E+00  0.0000000E+00
  0.0000000E+00  0.0000000E+00  0.0000000E+00  0.0000000E+00  0.0000000E+00
  0.0000000E+00  0.0000000E+00  0.0000000E+00  0.0000000E+00  0.0000000E+00
  0.0000000E+00  0.0000000E+00  0.0000000E+00  0.0000000E+00  0.0000000E+00
  0.0000000E+00  0.0000000E+00  0.0000000E+00  0.0000000E+00  0.0000000E+00
  0.0000000E+00  0.0000000E+00  0.0000000E+00  0.0000000E+00  0.0000000E+00
  1.8824278E-03  1.8672721E-03  1.8370798E-03  1.7920920E-03  1.7326797E-03
  1.6593360E-03  1.5726006E-03  1.4732274E-03  1.3619765E-03  1.2397671E-03
  1.1075771E-03  9.6646778E-04  8.1758376E-04  6.6209969E-04  5.0129951E-04
  3.3645629E-04  1.6891300E-04  0.0000000E+00 -1.6891300E-04 -3.3645629E-04
 -5.0129951E-04 -6.6209969E-04 -8.1758376E-04 -9.6646778E-04 -1.1075771E-03
 -1.2397671E-03 -1.3619765E-03 -1.4732274E-03 -1.5726006E-03 -1.6593360E-03
 -1.7326797E-03 -1.7920920E-03 -1.8370798E-03 -1.8672721E-03 -1.8824278E-03
  0.0000000E+00  0.0000000E+00  0.0000000E+00  0.0000000E+00  0.0000000E+00
  0.0000000E+00  0.0000000E+00  0.0000000E+00  0.0000000E+00  0.0000000E+00
  0.0000000E+00  0.0000000E+00  0.0000000E+00  0.0000000E+00  0.0000000E+00
  0.0000000E+00  0.0000000E+00  0.0000000E+00  0.0000000E+00  0.0000000E+00
  0.0000000E+00  0.0000000E+00  0.0000000E+00  0.0000000E+00  0.0000000E+00
  0.0000000E+00  0.0000000E+00  0.0000000E+00  0.0000000E+00  0.0000000E+00
  0.0000000E+00  0.0000000E+00  0.0000000E+00  0.0000000E+00  0.0000000E+00
  0.0000000E+00  0.0000000E+00  0.0000000E+00  0.0000000E+00  0.0000000E+00
  0.0000000E+00  0.0000000E+00  0.0000000E+00  0.0000000E+00  0.0000000E+00
  0.0000000E+00  0.0000000E+00  0.0000000E+00  0.0000000E+00  0.0000000E+00
  0.0000000E+00  0.0000000E+00  0.0000000E+00  0.0000000E+00  0.0000000E+00
  0.0000000E+00  0.0000000E+00  0.0000000E+00  0.0000000E+00  0.0000000E+00
  0.0000000E+00  0.0000000E+00  0.0000000E+00  0.0000000E+00  0.0000000E+00
  0.0000000E+00  0.0000000E+00  0.0000000E+00  0.0000000E+00  0.0000000E+00
  0.0000000E+00  0.0000000E+00  0.0000000E+00  0.0000000E+00  0.0000000E+00
  0.0000000E+00  0.0000000E+00  0.0000000E+00  0.0000000E+00  0.0000000E+00
  0.0000000E+00  0.0000000E+00  0.0000000E+00  0.0000000E+00  0.0000000E+00
  0.0000000E+00  0.0000000E+00  0.0000000E+00  0.0000000E+00  0.0000000E+00
  0.0000000E+00  0.0000000E+00  0.0000000E+00  0.0000000E+00  0.0000000E+00
  0.0000000E+00  0.0000000E+00  0.0000000E+00  0.0000000E+00  0.0000000E+00
  0.0000000E+00  0.0000000E+00  0.0000000E+00  0.0000000E+00  0.0000000E+00
  6.0954826E-05  6.0464121E-05  5.9486523E-05  5.8029917E-05  5.6106113E-05
  5.3730717E-05  5.0922587E-05  4.7704405E-05  4.4102282E-05  4.0145002E-05
  3.5864425E-05  3.1295302E-05  2.6473934E-05  2.1439537E-05  1.6232643E-05
  1.0894857E-05  5.4695120E-06  0.0000000E+00 -5.4695120E-06 -1.0894857E-05
 -1.6232643E-05 -2.1439537E-05 -2.6473934E-05 -3.1295302E-05 -3.5864425E-05
 -4.0145002E-05 -4.4102282E-05 -4.7704405E-05 -5.0922587E-05 -5.3730717E-05
 -5.6106113E-05 -5.8029917E-05 -5.9486523E-05 -6.0464121E-05 -6.0954826E-05
  0.0000000E+00  0.0000000E+00  0.0000000E+00  0.0000000E+00  0.0000000E+00
  0.0000000E+00  0.0000000E+00  0.0000000E+00  0.0000000E+00  0.0000000E+00
  0.0000000E+00  0.0000000E+00  0.0000000E+00  0.0000000E+00  0.0000000E+00
  0.0000000E+00  0.0000000E+00  0.0000000E+00  0.0000000E+00  0.0000000E+00
  0.0000000E+00  0.0000000E+00  0.0000000E+00  0.0000000E+00  0.0000000E+00
  0.0000000E+00  0.0000000E+00  0.0000000E+00  0.0000000E+00  0.0000000E+00
  0.0000000E+00  0.0000000E+00  0.0000000E+00  0.0000000E+00  0.0000000E+00
  0.0000000E+00  0.0000000E+00  0.0000000E+00  0.0000000E+00  0.0000000E+00
  0.0000000E+00  0.0000000E+00  0.0000000E+00  0.0000000E+00  0.0000000E+00
  0.0000000E+00  0.0000000E+00  0.0000000E+00  0.0000000E+00  0.0000000E+00
  0.0000000E+00  0.0000000E+00  0.0000000E+00  0.0000000E+00  0.0000000E+00
  0.0000000E+00  0.0000000E+00  0.0000000E+00  0.0000000E+00  0.0000000E+00
  0.0000000E+00  0.0000000E+00  0.0000000E+00  0.0000000E+00  0.0000000E+00
  0.0000000E+00  0.0000000E+00  0.0000000E+00  0.0000000E+00  0.0000000E+00
  0.0000000E+00  0.0000000E+00  0.0000000E+00  0.0000000E+00  0.0000000E+00
  0.0000000E+00  0.0000000E+00  0.0000000E+00  0.0000000E+00  0.0000000E+00
  0.0000000E+00  0.0000000E+00  0.0000000E+00  0.0000000E+00  0.0000000E+00
  0.0000000E+00  0.0000000E+00  0.0000000E+00  0.0000000E+00  0.0000000E+00
  0.0000000E+00  0.0000000E+00  0.0000000E+00  0.0000000E+00  0.0000000E+00
  0.0000000E+00  0.0000000E+00  0.0000000E+00  0.0000000E+00  0.0000000E+00
  0.0000000E+00  0.0000000E+00  0.0000000E+00  0.0000000E+00  0.0000000E+00
  0.0000000E+00  0.0000000E+00  0.0000000E+00  0.0000000E+00  0.0000000E+00
  0.0000000E+00  0.0000000E+00  0.0000000E+00  0.0000000E+00  0.0000000E+00
  0.0000000E+00  0.0000000E+00  0.0000000E+00  0.0000000E+00  0.0000000E+00
  0.0000000E+00  0.0000000E+00  0.0000000E+00  0.0000000E+00  0.0000000E+00
  0.0000000E+00  0.0000000E+00  0.0000000E+00  0.0000000E+00  0.0000000E+00
  0.0000000E+00  0.0000000E+00  0.0000000E+00  0.0000000E+00  0.0000000E+00
  0.0000000E+00  0.0000000E+00  0.0000000E+00  0.0000000E+00  0.0000000E+00
  0.0000000E+00  0.0000000E+00  0.0000000E+00  0.0000000E+00  0.0000000E+00
  0.0000000E+00  0.0000000E+00  0.0000000E+00  0.0000000E+00  0.0000000E+00
  0.0000000E+00  0.0000000E+00  0.0000000E+00  0.0000000E+00  0.0000000E+00
  0.0000000E+00  0.0000000E+00  0.0000000E+00  0.0000000E+00  0.0000000E+00
  0.0000000E+00  0.0000000E+00  0.0000000E+00  0.0000000E+00  0.0000000E+00
  0.0000000E+00  0.0000000E+00  0.0000000E+00  0.0000000E+00  0.0000000E+00
  0.0000000E+00  0.0000000E+00  0.0000000E+00  0.0000000E+00  0.0000000E+00
  8.4539650E-05  2.5293589E-04  4.1930436E-04  5.8228790E-04  7.4057933E-04
  8.9293241E-04  1.0380596E-03  1.1748612E-03  1.3021794E-03  1.4190361E-03
  1.5244433E-03  1.6176000E-03  1.6977122E-03  1.7641679E-03  1.8164160E-03
  1.8540481E-03  1.8767398E-03  1.8843119E-03  1.8767398E-03  1.8540481E-03
  1.8164160E-03  1.7641679E-03  1.6977122E-03  1.6176000E-03  1.5244433E-03
  1.4190361E-03  1.3021794E-03  1.1748612E-03  1.0380596E-03  8.9293241E-04
  7.4057933E-04  5.8228790E-04  4.1930436E-04  2.5293589E-04  8.4539650E-05
  0.0000000E+00  0.0000000E+00  0.0000000E+00  0.0000000E+00  0.0000000E+00
  0.0000000E+00  0.0000000E+00  0.0000000E+00  0.0000000E+00  0.0000000E+00
  0.0000000E+00  0.0000000E+00  0.0000000E+00  0.0000000E+00  0.0000000E+00
  0.0000000E+00  0.0000000E+00  0.0000000E+00  0.0000000E+00  0.0000000E+00
  0.0000000E+00  0.0000000E+00  0.0000000E+00  0.0000000E+00  0.0000000E+00
  0.0000000E+00  0.0000000E+00  0.0000000E+00  0.0000000E+00  0.0000000E+00
  0.0000000E+00  0.0000000E+00  0.0000000E+00  0.0000000E+00  0.0000000E+00
  0.0000000E+00  0.0000000E+00  0.0000000E+00  0.0000000E+00  0.0000000E+00
  0.0000000E+00  0.0000000E+00  0.0000000E+00  0.0000000E+00  0.0000000E+00
  0.0000000E+00  0.0000000E+00  0.0000000E+00  0.0000000E+00  0.0000000E+00
  0.0000000E+00  0.0000000E+00  0.0000000E+00  0.0000000E+00  0.0000000E+00
  0.0000000E+00  0.0000000E+00  0.0000000E+00  0.0000000E+00  0.0000000E+00
  0.0000000E+00  0.0000000E+00  0.0000000E+00  0.0000000E+00  0.0000000E+00
  0.0000000E+00  0.0000000E+00  0.0000000E+00  0.0000000E+00  0.0000000E+00
  0.0000000E+00  0.0000000E+00  0.0000000E+00  0.0000000E+00  0.0000000E+00
  0.0000000E+00  0.0000000E+00  0.0000000E+00  0.0000000E+00  0.0000000E+00
  0.0000000E+00  0.0000000E+00  0.0000000E+00  0.0000000E+00  0.0000000E+00
  0.0000000E+00  0.0000000E+00  0.0000000E+00  0.0000000E+00  0.0000000E+00
  0.0000000E+00  0.0000000E+00  0.0000000E+00  0.0000000E+00  0.0000000E+00
  0.0000000E+00  0.0000000E+00  0.0000000E+00  0.0000000E+00  0.0000000E+00
  0.0000000E+00  0.0000000E+00  0.0000000E+00  0.0000000E+00  0.0000000E+00
  2.7375277E-06  8.1904100E-06  1.3577429E-05  1.8855015E-05  2.3980963E-05
  2.8913675E-05  3.3613629E-05  3.8043097E-05  4.2166081E-05  4.5949582E-05
  4.9363327E-05  5.2379299E-05  5.4973803E-05  5.7125519E-05  5.8817521E-05
  6.0035723E-05  6.0770621E-05  6.1016322E-05  6.0770621E-05  6.0035723E-05
  5.8817521E-05  5.7125519E-05  5.4973803E-05  5.2379299E-05  4.9363327E-05
  4.5949582E-05  4.2166081E-05  3.8043097E-05  3.3613629E-05  2.8913675E-05
  2.3980963E-05  1.8855015E-05  1.3577429E-05  8.1904100E-06  2.7375277E-06
  0.0000000E+00  0.0000000E+00  0.0000000E+00  0.0000000E+00  0.0000000E+00
  0.0000000E+00  0.0000000E+00  0.0000000E+00  0.0000000E+00  0.0000000E+00
  0.0000000E+00  0.0000000E+00  0.0000000E+00  0.0000000E+00  0.0000000E+00
  0.0000000E+00  0.0000000E+00  0.0000000E+00  0.0000000E+00  0.0000000E+00
  0.0000000E+00  0.0000000E+00  0.0000000E+00  0.0000000E+00  0.0000000E+00
  0.0000000E+00  0.0000000E+00  0.0000000E+00  0.0000000E+00  0.0000000E+00
  0.0000000E+00  0.0000000E+00  0.0000000E+00  0.0000000E+00  0.0000000E+00
  0.0000000E+00  0.0000000E+00  0.0000000E+00  0.0000000E+00  0.0000000E+00
  0.0000000E+00  0.0000000E+00  0.0000000E+00  0.0000000E+00  0.0000000E+00
  0.0000000E+00  0.0000000E+00  0.0000000E+00  0.0000000E+00  0.0000000E+00
  0.0000000E+00  0.0000000E+00  0.0000000E+00  0.0000000E+00  0.0000000E+00
  0.0000000E+00  0.0000000E+00  0.0000000E+00  0.0000000E+00  0.0000000E+00
  0.0000000E+00  0.0000000E+00  0.0000000E+00  0.0000000E+00  0.0000000E+00
  0.0000000E+00  0.0000000E+00  0.0000000E+00  0.0000000E+00  0.0000000E+00
  0.0000000E+00  0.0000000E+00  0.0000000E+00  0.0000000E+00  0.0000000E+00
  0.0000000E+00  0.0000000E+00  0.0000000E+00  0.0000000E+00  0.0000000E+00
  0.0000000E+00  0.0000000E+00  0.0000000E+00  0.0000000E+00  0.0000000E+00
  0.0000000E+00  0.0000000E+00  0.0000000E+00  0.0000000E+00  0.0000000E+00
  0.0000000E+00  0.0000000E+00  0.0000000E+00  0.0000000E+00  0.0000000E+00
  0.0000000E+00  0.0000000E+00  0.0000000E+00  0.0000000E+00  0.0000000E+00
  0.0000000E+00  0.0000000E+00  0.0000000E+00  0.0000000E+00  0.0000000E+00
  0.0000000E+00  0.0000000E+00  0.0000000E+00  0.0000000E+00  0.0000000E+00
  0.0000000E+00  0.0000000E+00  0.0000000E+00  0.0000000E+00  0.0000000E+00
  0.0000000E+00  0.0000000E+00  0.0000000E+00  0.0000000E+00  0.0000000E+00
  0.0000000E+00  0.0000000E+00  0.0000000E+00  0.0000000E+00  0.0000000E+00
  0.0000000E+00  0.0000000E+00  0.0000000E+00  0.0000000E+00  0.0000000E+00
  0.0000000E+00  0.0000000E+00  0.0000000E+00  0.0000000E+00  0.0000000E+00
  0.0000000E+00  0.0000000E+00  0.0000000E+00  0.0000000E+00  0.0000000E+00
  0.0000000E+00  0.0000000E+00  0.0000000E+00  0.0000000E+00  0.0000000E+00
  0.0000000E+00  0.0000000E+00  0.0000000E+00  0.0000000E+00  0.0000000E+00
  0.0000000E+00  0.0000000E+00  0.0000000E+00  0.0000000E+00  0.0000000E+00
  0.0000000E+00  0.0000000E+00  0.0000000E+00  0.0000000E+00  0.0000000E+00
  0.0000000E+00  0.0000000E+00  0.0000000E+00  0.0000000E+00  0.0000000E+00
  0.0000000E+00  0.0000000E+00  0.0000000E+00  0.0000000E+00  0.0000000E+00
  0.0000000E+00  0.0000000E+00  0.0000000E+00  0.0000000E+00  0.0000000E+00
 -8.4539650E-05 -2.5293589E-04 -4.1930436E-04 -5.8228790E-04 -7.4057933E-04
 -8.9293241E-04 -1.0380596E-03 -1.1748612E-03 -1.3021794E-03 -1.4190361E-03
 -1.5244433E-03 -1.6176000E-03 -1.6977122E-03 -1.7641679E-03 -1.8164160E-03
 -1.8540481E-03 -1.8767398E-03 -1.8843119E-03 -1.8767398E-03 -1.8540481E-03
 -1.8164160E-03 -1.7641679E-03 -1.6977122E-03 -1.6176000E-03 -1.5244433E-03
 -1.4190361E-03 -1.3021794E-03 -1.1748612E-03 -1.0380596E-03 -8.9293241E-04
 -7.4057933E-04 -5.8228790E-04 -4.1930436E-04 -2.5293589E-04 -8.4539650E-05
  0.0000000E+00  0.0000000E+00  0.0000000E+00  0.0000000E+00  0.0000000E+00
  0.0000000E+00  0.0000000E+00  0.0000000E+00  0.0000000E+00  0.0000000E+00
  0.0000000E+00  0.0000000E+00  0.0000000E+00  0.0000000E+00  0.0000000E+00
  0.0000000E+00  0.0000000E+00  0.0000000E+00  0.0000000E+00  0.0000000E+00
  0.0000000E+00  0.0000000E+00  0.0000000E+00  0.0000000E+00  0.0000000E+00
  0.0000000E+00  0.0000000E+00  0.0000000E+00  0.0000000E+00  0.0000000E+00
  0.0000000E+00  0.0000000E+00  0.0000000E+00  0.0000000E+00  0.0000000E+00
  0.0000000E+00  0.0000000E+00  0.0000000E+00  0.0000000E+00  0.0000000E+00
  0.0000000E+00  0.0000000E+00  0.0000000E+00  0.0000000E+00  0.0000000E+00
  0.0000000E+00  0.0000000E+00  0.0000000E+00  0.0000000E+00  0.0000000E+00
  0.0000000E+00  0.0000000E+00  0.0000000E+00  0.0000000E+00  0.0000000E+00
  0.0000000E+00  0.0000000E+00  0.0000000E+00  0.0000000E+00  0.0000000E+00
  0.0000000E+00  0.0000000E+00  0.0000000E+00  0.0000000E+00  0.0000000E+00
  0.0000000E+00  0.0000000E+00  0.0000000E+00  0.0000000E+00  0.0000000E+00
  0.0000000E+00  0.0000000E+00  0.0000000E+00  0.0000000E+00  0.0000000E+00
  0.0000000E+00  0.0000000E+00  0.0000000E+00  0.0000000E+00  0.0000000E+00
  0.0000000E+00  0.0000000E+00  0.0000000E+00  0.0000000E+00  0.0000000E+00
  0.0000000E+00  0.0000000E+00  0.0000000E+00  0.0000000E+00  0.0000000E+00
  0.0000000E+00  0.0000000E+00  0.0000000E+00  0.0000000E+00  0.0000000E+00
  0.0000000E+00  0.0000000E+00  0.0000000E+00  0.0000000E+00  0.0000000E+00
  0.0000000E+00  0.0000000E+00  0.0000000E+00  0.0000000E+00  0.0000000E+00
 -2.7375277E-06 -8.1904100E-06 -1.3577429E-05 -1.8855015E-05 -2.3980963E-05
 -2.8913675E-05 -3.3613629E-05 -3.8043097E-05 -4.2166081E-05 -4.5949582E-05
 -4.9363327E-05 -5.2379299E-05 -5.4973803E-05 -5.7125519E-05 -5.8817521E-05
 -6.0035723E-05 -6.0770621E-05 -6.1016322E-05 -6.0770621E-05 -6.0035723E-05
 -5.8817521E-05 -5.7125519E-05 -5.4973803E-05 -5.2379299E-05 -4.9363327E-05
 -4.5949582E-05 -4.2166081E-05 -3.8043097E-05 -3.3613629E-05 -2.8913675E-05
 -2.3980963E-05 -1.8855015E-05 -1.3577429E-05 -8.1904100E-06 -2.7375277E-06
  0.0000000E+00  0.0000000E+00  0.0000000E+00  0.0000000E+00  0.0000000E+00
  0.0000000E+00  0.0000000E+00  0.0000000E+00  0.0000000E+00  0.0000000E+00
  0.0000000E+00  0.0000000E+00  0.0000000E+00  0.0000000E+00  0.0000000E+00
  0.0000000E+00  0.0000000E+00  0.0000000E+00  0.0000000E+00  0.0000000E+00
  0.0000000E+00  0.0000000E+00  0.0000000E+00  0.0000000E+00  0.0000000E+00
  0.0000000E+00  0.0000000E+00  0.0000000E+00  0.0000000E+00  0.0000000E+00
  0.0000000E+00  0.0000000E+00  0.0000000E+00  0.0000000E+00  0.0000000E+00
  0.0000000E+00  0.0000000E+00  0.0000000E+00  0.0000000E+00  0.0000000E+00
  0.0000000E+00  0.0000000E+00  0.0000000E+00  0.0000000E+00  0.0000000E+00
  0.0000000E+00  0.0000000E+00  0.0000000E+00  0.0000000E+00  0.0000000E+00
  0.0000000E+00  0.0000000E+00  0.0000000E+00  0.0000000E+00  0.0000000E+00
  0.0000000E+00  0.0000000E+00  0.0000000E+00  0.0000000E+00  0.0000000E+00
  0.0000000E+00  0.0000000E+00  0.0000000E+00  0.0000000E+00  0.0000000E+00
  0.0000000E+00  0.0000000E+00  0.0000000E+00  0.0000000E+00  0.0000000E+00
  0.0000000E+00  0.0000000E+00  0.0000000E+00  0.0000000E+00  0.0000000E+00
  0.0000000E+00  0.0000000E+00  0.0000000E+00  0.0000000E+00  0.0000000E+00
  0.0000000E+00  0.0000000E+00  0.0000000E+00  0.0000000E+00  0.0000000E+00
  0.0000000E+00  0.0000000E+00  0.0000000E+00  0.0000000E+00  0.0000000E+00
  0.0000000E+00  0.0000000E+00  0.0000000E+00  0.0000000E+00  0.0000000E+00
  0.0000000E+00  0.0000000E+00  0.0000000E+00  0.0000000E+00  0.0000000E+00
  0.0000000E+00  0.0000000E+00  0.0000000E+00  0.0000000E+00  0.0000000E+00
  0.0000000E+00  0.0000000E+00  0.0000000E+00  0.0000000E+00  0.0000000E+00
  0.0000000E+00  0.0000000E+00  0.0000000E+00  0.0000000E+00  0.0000000E+00
  0.0000000E+00  0.0000000E+00  0.0000000E+00  0.0000000E+00  0.0000000E+00
  0.0000000E+00  0.0000000E+00  0.0000000E+00  0.0000000E+00  0.0000000E+00
  0.0000000E+00  0.0000000E+00  0.0000000E+00  0.0000000E+00  0.0000000E+00
  0.0000000E+00  0.0000000E+00  0.0000000E+00  0.0000000E+00  0.0000000E+00
  0.0000000E+00  0.0000000E+00  0.0000000E+00  0.0000000E+00  0.0000000E+00
  0.0000000E+00  0.0000000E+00  0.0000000E+00  0.0000000E+00  0.0000000E+00
  0.0000000E+00  0.0000000E+00  0.0000000E+00  0.0000000E+00  0.0000000E+00
  0.0000000E+00  0.0000000E+00  0.0000000E+00  0.0000000E+00  0.0000000E+00
  0.0000000E+00  0.0000000E+00  0.0000000E+00  0.0000000E+00  0.0000000E+00
  0.0000000E+00  0.0000000E+00  0.0000000E+00  0.0000000E+00  0.0000000E+00
  0.0000000E+00  0.0000000E+00  0.0000000E+00  0.0000000E+00  0.0000000E+00
  0.0000000E+00  0.0000000E+00  0.0000000E+00  0.0000000E+00  0.0000000E+00
  0.0000000E+00  0.0000000E+00  0.0000000E+00  0.0000000E+00  0.0000000E+00
  0.0000000E+00  0.0000000E+00  0.0000000E+00  0.0000000E+00  0.0000000E+00
  0.0000000E+00  0.0000000E+00  0.0000000E+00  0.0000000E+00  0.0000000E+00
  0.0000000E+00  0.0000000E+00  0.0000000E+00  0.0000000E+00  0.0000000E+00
  0.0000000E+00  0.0000000E+00  0.0000000E+00  0.0000000E+00  0.0000000E+00
  0.0000000E+00  0.0000000E+00  0.0000000E+00  0.0000000E+00  0.0000000E+00
  0.0000000E+00  0.0000000E+00  0.0000000E+00  0.0000000E+00  0.0000000E+00
  8.9906920E-03  6.4506680E-03  3.9106440E-03  8.9907022E-03  6.4506643E-03
  3.9106347E-03  8.9907050E-03  6.4506764E-03  3.9106328E-03  8.9906929E-03
  6.4506694E-03  3.9106440E-03  8.9906920E-03  6.4506587E-03  3.9106249E-03
  8.9907069E-03  6.4506773E-03  3.9106533E-03  8.9906892E-03  6.4506591E-03
  3.9106347E-03  8.9907013E-03  6.4506773E-03  3.9106500E-03  8.9906994E-03
  6.4506643E-03  3.9106309E-03  8.9906948E-03  6.4506689E-03  3.9106454E-03
  8.9907050E-03  6.4506698E-03  3.9106337E-03  8.9906976E-03  6.4506698E-03
  3.9106435E-03  8.9906994E-03  6.4506698E-03  3.9106417E-03  8.9906901E-03
  6.4506670E-03  3.9106389E-03  8.9907097E-03  6.4506736E-03  3.9106407E-03
  8.9906920E-03  6.4506549E-03  3.9106361E-03  8.9906994E-03  6.4506759E-03
  3.9106458E-03  8.9906938E-03  6.4506624E-03  3.9106342E-03  8.9906994E-03
  6.4506759E-03  3.9106458E-03  8.9906929E-03  6.4506540E-03  3.9106361E-03
  8.9907106E-03  6.4506736E-03  3.9106407E-03  8.9906901E-03  6.4506670E-03
  3.9106393E-03  8.9906994E-03  6.4506698E-03  3.9106417E-03  8.9906976E-03
  6.4506698E-03  3.9106435E-03  8.9907041E-03  6.4506694E-03  3.9106337E-03
  8.9906957E-03  6.4506689E-03  3.9106454E-03  8.9906994E-03  6.4506643E-03
  3.9106305E-03  8.9907013E-03  6.4506773E-03  3.9106500E-03  8.9906882E-03
  6.4506591E-03  3.9106347E-03  8.9907069E-03  6.4506773E-03  3.9106533E-03
  8.9906910E-03  6.4506582E-03  3.9106249E-03  8.9906929E-03  6.4506698E-03
  3.9106440E-03  8.9907041E-03  6.4506768E-03  3.9106328E-03  8.9907013E-03
  6.4506643E-03  3.9106351E-03  8.9906929E-03  6.4506680E-03  3.9106440E-03
  0.0000000E+00  0.0000000E+00  0.0000000E+00  0.0000000E+00  0.0000000E+00
  0.0000000E+00  0.0000000E+00  0.0000000E+00  0.0000000E+00  0.0000000E+00
  0.0000000E+00  0.0000000E+00  0.0000000E+00  0.0000000E+00  0.0000000E+00
  0.0000000E+00  0.0000000E+00  0.0000000E+00  0.0000000E+00  0.0000000E+00
  0.0000000E+00  0.0000000E+00  0.0000000E+00  0.0000000E+00  0.0000000E+00
  0.0000000E+00  0.0000000E+00  0.0000000E+00  0.0000000E+00  0.0000000E+00
  0.0000000E+00  0.0000000E+00  0.0000000E+00  0.0000000E+00  0.0000000E+00
 -8.2898122E-04 -2.4869507E-03 -4.1449191E-03 -5.8028894E-03 -7.4608577E-03
 -8.2898489E-04 -2.4869549E-03 -4.1449256E-03 -5.8028959E-03 -7.4608624E-03
 -8.2898611E-04 -2.4869512E-03 -4.1449214E-03 -5.8028977E-03 -7.4608587E-03
 -8.2898606E-04 -2.4869605E-03 -4.1449186E-03 -5.8028824E-03 -7.4608494E-03
 -8.2898163E-04 -2.4869498E-03 -4.1449172E-03 -5.8028870E-03 -7.4608559E-03
 -8.2898588E-04 -2.4869514E-03 -4.1449205E-03 -5.8028940E-03 -7.4608652E-03
 -8.2898361E-04 -2.4869549E-03 -4.1449242E-03 -5.8028866E-03 -7.4608568E-03
 -8.2898617E-04 -2.4869526E-03 -4.1449210E-03 -5.8028838E-03 -7.4608559E-03
 -8.2898262E-04 -2.4869526E-03 -4.1449261E-03 -5.8028921E-03 -7.4608643E-03
 -8.2898460E-04 -2.4869498E-03 -4.1449210E-03 -5.8028880E-03 -7.4608554E-03
 -8.2898414E-04 -2.4869528E-03 -4.1449261E-03 -5.8028977E-03 -7.4608689E-03
 -8.2898623E-04 -2.4869558E-03 -4.1449196E-03 -5.8028884E-03 -7.4608624E-03
 -8.2898285E-04 -2.4869554E-03 -4.1449219E-03 -5.8028847E-03 -7.4608573E-03
 -8.2898466E-04 -2.4869500E-03 -4.1449135E-03 -5.8028791E-03 -7.4608480E-03
 -8.2898658E-04 -2.4869544E-03 -4.1449303E-03 -5.8029033E-03 -7.4608689E-03
 -8.2898320E-04 -2.4869547E-03 -4.1449210E-03 -5.8028856E-03 -7.4608568E-03
 -8.2898408E-04 -2.4869507E-03 -4.1449205E-03 -5.8028889E-03 -7.4608531E-03
 -8.2898227E-04 -2.4869451E-03 -4.1449112E-03 -5.8028908E-03 -7.4608624E-03
 -8.2898402E-04 -2.4869505E-03 -4.1449270E-03 -5.8028959E-03 -7.4608531E-03
 -8.2898320E-04 -2.4869547E-03 -4.1449210E-03 -5.8028866E-03 -7.4608559E-03
 -8.2898652E-04 -2.4869544E-03 -4.1449303E-03 -5.8029033E-03 -7.4608689E-03
 -8.2898466E-04 -2.4869503E-03 -4.1449135E-03 -5.8028791E-03 -7.4608484E-03
 -8.2898291E-04 -2.4869556E-03 -4.1449224E-03 -5.8028847E-03 -7.4608568E-03
 -8.2898623E-04 -2.4869558E-03 -4.1449196E-03 -5.8028884E-03 -7.4608624E-03
 -8.2898414E-04 -2.4869530E-03 -4.1449266E-03 -5.8028977E-03 -7.4608689E-03
 -8.2898454E-04 -2.4869498E-03 -4.1449210E-03 -5.8028884E-03 -7.4608549E-03
 -8.2898262E-04 -2.4869526E-03 -4.1449261E-03 -5.8028921E-03 -7.4608643E-03
 -8.2898617E-04 -2.4869523E-03 -4.1449210E-03 -5.8028838E-03 -7.4608563E-03
 -8.2898373E-04 -2.4869549E-03 -4.1449242E-03 -5.8028866E-03 -7.4608573E-03
 -8.2898594E-04 -2.4869514E-03 -4.1449205E-03 -5.8028940E-03 -7.4608652E-03
 -8.2898163E-04 -2.4869498E-03 -4.1449172E-03 -5.8028870E-03 -7.4608563E-03
 -8.2898606E-04 -2.4869605E-03 -4.1449186E-03 -5.8028828E-03 -7.4608494E-03
 -8.2898611E-04 -2.4869512E-03 -4.1449214E-03 -5.8028977E-03 -7.4608587E-03
 -8.2898489E-04 -2.4869549E-03 -4.1449256E-03 -5.8028954E-03 -7.4608624E-03
 -8.2898122E-04 -2.4869507E-03 -4.1449196E-03 -5.8028894E-03 -7.4608577E-03
  0.0000000E+00  0.0000000E+00  0.0000000E+00  0.0000000E+00  0.0000000E+00
  0.0000000E+00  0.0000000E+00  0.0000000E+00  0.0000000E+00  0.0000000E+00
  0.0000000E+00  0.0000000E+00  0.0000000E+00  0.0000000E+00  0.0000000E+00
  0.0000000E+00  0.0000000E+00  0.0000000E+00  0.0000000E+00  0.0000000E+00
  0.0000000E+00  0.0000000E+00  0.0000000E+00  0.0000000E+00  0.0000000E+00
  0.0000000E+00  0.0000000E+00  0.0000000E+00  0.0000000E+00  0.0000000E+00
  0.0000000E+00  0.0000000E+00  0.0000000E+00  0.0000000E+00  0.0000000E+00
  8.9906920E-03  6.4506680E-03  3.9106440E-03  8.9907022E-03  6.4506643E-03
  3.9106347E-03  8.9907050E-03  6.4506764E-03  3.9106328E-03  8.9906929E-03
  6.4506694E-03  3.9106440E-03  8.9906920E-03  6.4506587E-03  3.9106249E-03
  8.9907069E-03  6.4506773E-03  3.9106533E-03  8.9906892E-03  6.4506591E-03
  3.9106347E-03  8.9907013E-03  6.4506773E-03  3.9106500E-03  8.9906994E-03
  6.4506643E-03  3.9106309E-03  8.9906948E-03  6.4506689E-03  3.9106454E-03
  8.9907050E-03  6.4506698E-03  3.9106337E-03  8.9906976E-03  6.4506698E-03
  3.9106435E-03  8.9906994E-03  6.4506698E-03  3.9106417E-03  8.9906901E-03
  6.4506670E-03  3.9106389E-03  8.9907097E-03  6.4506736E-03  3.9106407E-03
  8.9906920E-03  6.4506549E-03  3.9106361E-03  8.9906994E-03  6.4506759E-03
  3.9106458E-03  8.9906938E-03  6.4506624E-03  3.9106342E-03  8.9906994E-03
  6.4506759E-03  3.9106458E-03  8.9906929E-03  6.4506540E-03  3.9106361E-03
  8.9907106E-03  6.4506736E-03  3.9106407E-03  8.9906901E-03  6.4506670E-03
  3.9106393E-03  8.9906994E-03  6.4506698E-03  3.9106417E-03  8.9906976E-03
  6.4506698E-03  3.9106435E-03  8.9907041E-03  6.4506694E-03  3.9106337E-03
  8.9906957E-03  6.4506689E-03  3.9106454E-03  8.9906994E-03  6.4506643E-03
  3.9106305E-03  8.9907013E-03  6.4506773E-03  3.9106500E-03  8.9906882E-03
  6.4506591E-03  3.9106347E-03  8.9907069E-03  6.4506773E-03  3.9106533E-03
  8.9906910E-03  6.4506582E-03  3.9106249E-03  8.9906929E-03  6.4506698E-03
  3.9106440E-03  8.9907041E-03  6.4506768E-03  3.9106328E-03  8.9907013E-03
  6.4506643E-03  3.9106351E-03  8.9906929E-03  6.4506680E-03  3.9106440E-03
  0.0000000E+00  0.0000000E+00  0.0000000E+00  0.0000000E+00  0.0000000E+00
  0.0000000E+00  0.0000000E+00  0.0000000E+00  0.0000000E+00  0.0000000E+00
  0.0000000E+00  0.0000000E+00  0.0000000E+00  0.0000000E+00  0.0000000E+00
  0.0000000E+00  0.0000000E+00  0.0000000E+00  0.0000000E+00  0.0000000E+00
  0.0000000E+00  0.0000000E+00  0.0000000E+00  0.0000000E+00  0.0000000E+00
  0.0000000E+00  0.0000000E+00  0.0000000E+00  0.0000000E+00  0.0000000E+00
  0.0000000E+00  0.0000000E+00  0.0000000E+00  0.0000000E+00  0.0000000E+00
 -8.2898122E-04 -2.4869507E-03 -4.1449191E-03 -5.8028894E-03 -7.4608577E-03
 -8.2898489E-04 -2.4869549E-03 -4.1449256E-03 -5.8028959E-03 -7.4608624E-03
 -8.2898611E-04 -2.4869512E-03 -4.1449214E-03 -5.8028977E-03 -7.4608587E-03
 -8.2898606E-04 -2.4869605E-03 -4.1449186E-03 -5.8028824E-03 -7.4608494E-03
 -8.2898163E-04 -2.4869498E-03 -4.1449172E-03 -5.8028870E-03 -7.4608559E-03
 -8.2898588E-04 -2.4869514E-03 -4.1449205E-03 -5.8028940E-03 -7.4608652E-03
 -8.2898361E-04 -2.4869549E-03 -4.1449242E-03 -5.8028866E-03 -7.4608568E-03
 -8.2898617E-04 -2.4869526E-03 -4.1449210E-03 -5.8028838E-03 -7.4608559E-03
 -8.2898262E-04 -2.4869526E-03 -4.1449261E-03 -5.8028921E-03 -7.4608643E-03
 -8.2898460E-04 -2.4869498E-03 -4.1449210E-03 -5.8028880E-03 -7.4608554E-03
 -8.2898414E-04 -2.4869528E-03 -4.1449261E-03 -5.8028977E-03 -7.4608689E-03
 -8.2898623E-04 -2.4869558E-03 -4.1449196E-03 -5.8028884E-03 -7.4608624E-03
 -8.2898285E-04 -2.4869554E-03 -4.1449219E-03 -5.8028847E-03 -7.4608573E-03
 -8.2898466E-04 -2.4869500E-03 -4.1449135E-03 -5.8028791E-03 -7.4608480E-03
 -8.2898658E-04 -2.4869544E-03 -4.1449303E-03 -5.8029033E-03 -7.4608689E-03
 -8.2898320E-04 -2.4869547E-03 -4.1449210E-03 -5.8028856E-03 -7.4608568E-03
 -8.2898408E-04 -2.4869507E-03 -4.1449205E-03 -5.8028889E-03 -7.4608531E-03
 -8.2898227E-04 -2.4869451E-03 -4.1449112E-03 -5.8028908E-03 -7.4608624E-03
 -8.2898402E-04 -2.4869505E-03 -4.1449270E-03 -5.8028959E-03 -7.4608531E-03
 -8.2898320E-04 -2.4869547E-03 -4.1449210E-03 -5.8028866E-03 -7.4608559E-03
 -8.2898652E-04 -2.4869544E-03 -4.1449303E-03 -5.8029033E-03 -7.4608689E-03
 -8.2898466E-04 -2.4869503E-03 -4.1449135E-03 -5.8028791E-03 -7.4608484E-03
 -8.2898291E-04 -2.4869556E-03 -4.1449224E-03 -5.8028847E-03 -7.4608568E-03
 -8.2898623E-04 -2.4869558E-03 -4.1449196E-03 -5.8028884E-03 -7.4608624E-03
 -8.2898414E-04 -2.4869530E-03 -4.1449266E-03 -5.8028977E-03 -7.4608689E-03
 -8.2898454E-04 -2.4869498E-03 -4.1449210E-03 -5.8028884E-03 -7.4608549E-03
 -8.2898262E-04 -2.4869526E-03 -4.1449261E-03 -5.8028921E-03 -7.4608643E-03
 -8.2898617E-04 -2.4869523E-03 -4.1449210E-03 -5.8028838E-03 -7.4608563E-03
 -8.2898373E-04 -2.4869549E-03 -4.1449242E-03 -5.8028866E-03 -7.4608573E-03
 -8.2898594E-04 -2.4869514E-03 -4.1449205E-03 -5.8028940E-03 -7.4608652E-03
 -8.2898163E-04 -2.4869498E-03 -4.1449172E-03 -5.8028870E-03 -7.4608563E-03
 -8.2898606E-04 -2.4869605E-03 -4.1449186E-03 -5.8028828E-03 -7.4608494E-03
 -8.2898611E-04 -2.4869512E-03 -4.1449214E-03 -5.8028977E-03 -7.4608587E-03
 -8.2898489E-04 -2.4869549E-03 -4.1449256E-03 -5.8028954E-03 -7.4608624E-03
 -8.2898122E-04 -2.4869507E-03 -4.1449196E-03 -5.8028894E-03 -7.4608577E-03
  1.0187028E-05  3.0478772E-05  5.0526178E-05  7.0165697E-05  8.9239809E-05
  1.0759835E-04  1.2508617E-04  1.4157077E-04  1.5691262E-04  1.7099384E-04
  1.8369542E-04  1.9492079E-04  2.0457432E-04  2.1258224E-04  2.1887812E-04
  2.2341279E-04  2.2614715E-04  2.2705959E-04  2.2614715E-04  2.2341279E-04
  2.1887812E-04  2.1258224E-04  2.0457432E-04  1.9492079E-04  1.8369542E-04
  1.7099384E-04  1.5691262E-04  1.4157077E-04  1.2508617E-04  1.0759835E-04
  8.9239809E-05  7.0165697E-05  5.0526178E-05  3.0478772E-05  1.0187028E-05
  2.4169368E-04  1.2519435E-04  4.7022135E-05  7.2313612E-04  3.7457483E-04
  1.4068733E-04  1.1987567E-03  6.2094076E-04  2.3321979E-04  1.6647228E-03
  8.6230558E-04  3.2387543E-04  2.1172869E-03  1.0967265E-03  4.1192086E-04
  2.5528080E-03  1.3223223E-03  4.9665471E-04  2.9677670E-03  1.5372642E-03
  5.7738466E-04  3.3588393E-03  1.7398376E-03  6.5347023E-04  3.7228647E-03
  1.9283949E-03  7.2428881E-04  4.0569138E-03  2.1014302E-03  7.8928180E-04
  4.3583056E-03  2.2575455E-03  8.4791495E-04  4.6246001E-03  2.3954839E-03
  8.9972554E-04  4.8536635E-03  2.5141356E-03  9.4428990E-04  5.0436407E-03
  2.6125435E-03  9.8125101E-04  5.1930277E-03  2.6899204E-03  1.0103126E-03
  5.3005815E-03  2.7456293E-03  1.0312378E-03  5.3654723E-03  2.7792493E-03
  1.0438644E-03  5.3871572E-03  2.7904767E-03  1.0480810E-03  5.3654723E-03
  2.7792489E-03  1.0438646E-03  5.3005810E-03  2.7456291E-03  1.0312378E-03
  5.1930277E-03  2.6899206E-03  1.0103126E-03  5.0436407E-03  2.6125435E-03
  9.8125101E-04  4.8536635E-03  2.5141351E-03  9.4428984E-04  4.6246001E-03
  2.3954839E-03  8.9972559E-04  4.3583056E-03  2.2575452E-03  8.4791490E-04
  4.0569138E-03  2.1014302E-03  7.8928185E-04  3.7228647E-03  1.9283947E-03
  7.2428875E-04  3.3588393E-03  1.7398378E-03  6.5347023E-04  2.9677667E-03
  1.5372643E-03  5.7738461E-04  2.5528080E-03  1.3223222E-03  4.9665471E-04
  2.1172867E-03  1.0967263E-03  4.1192089E-04  1.6647227E-03  8.6230563E-04
  3.2387546E-04  1.1987566E-03  6.2094076E-04  2.3321976E-04  7.2313601E-04
  3.7457483E-04  1.4068733E-04  2.4169371E-04  1.2519433E-04  4.7022135E-05
  4.9549249E-07  1.4824641E-06  2.4575145E-06  3.4127575E-06  4.3405539E-06
  5.2333748E-06  6.0840666E-06  6.8858003E-06  7.6320603E-06  8.3168743E-06
  8.9347614E-06  9.4806537E-06  9.9502586E-06  1.0339719E-05  1.0645970E-05
  1.0866466E-05  1.0999483E-05  1.1043954E-05  1.0999483E-05  1.0866466E-05
  1.0645970E-05  1.0339719E-05  9.9502586E-06  9.4806537E-06  8.9347614E-06
  8.3168743E-06  7.6320603E-06  6.8858003E-06  6.0840666E-06  5.2333748E-06
  4.3405539E-06  3.4127575E-06  2.4575145E-06  1.4824641E-06  4.9549249E-07
 -3.3686756E-06 -2.3580871E-05 -6.4005246E-05 -1.2464188E-04 -2.0549072E-04
 -1.0078964E-05 -7.0552895E-05 -1.9150079E-04 -3.7292266E-04 -6.1481819E-04
 -1.6708133E-05 -1.1695664E-04 -3.1745419E-04 -6.1820116E-04 -1.0191950E-03
 -2.3202767E-05 -1.6241954E-04 -4.4085126E-04 -8.5849938E-04 -1.4153640E-03
 -2.9510420E-05 -2.0657337E-04 -5.6069897E-04 -1.0918881E-03 -1.8001401E-03
 -3.5580768E-05 -2.4906470E-04 -6.7603309E-04 -1.3164863E-03 -2.1704242E-03
 -4.1364376E-05 -2.8955116E-04 -7.8592426E-04 -1.5304823E-03 -2.5232288E-03
 -4.6815199E-05 -3.2770549E-04 -8.8948658E-04 -1.7321561E-03 -2.8557188E-03
 -5.1888732E-05 -3.6322177E-04 -9.8588876E-04 -1.9198873E-03 -3.1652206E-03
 -5.6544821E-05 -3.9581305E-04 -1.0743511E-03 -2.0921566E-03 -3.4492309E-03
 -6.0745504E-05 -4.2521852E-04 -1.1541658E-03 -2.2475861E-03 -3.7054799E-03
 -6.4457272E-05 -4.5120026E-04 -1.2246845E-03 -2.3849125E-03 -3.9318861E-03
 -6.7649649E-05 -4.7354892E-04 -1.2853455E-03 -2.5030384E-03 -4.1266344E-03
 -7.0297770E-05 -4.9208343E-04 -1.3356539E-03 -2.6010105E-03 -4.2881547E-03
 -7.2379909E-05 -5.0665805E-04 -1.3752171E-03 -2.6780546E-03 -4.4151670E-03
 -7.3878822E-05 -5.1715277E-04 -1.4036989E-03 -2.7335177E-03 -4.5066127E-03
 -7.4783289E-05 -5.2348257E-04 -1.4208822E-03 -2.7669815E-03 -4.5617772E-03
 -7.5085401E-05 -5.2559737E-04 -1.4266223E-03 -2.7781667E-03 -4.5802216E-03
 -7.4783282E-05 -5.2348251E-04 -1.4208845E-03 -2.7669845E-03 -4.5617777E-03
 -7.3878822E-05 -5.1715277E-04 -1.4036987E-03 -2.7335179E-03 -4.5066122E-03
 -7.2379902E-05 -5.0665811E-04 -1.3752171E-03 -2.6780546E-03 -4.4151670E-03
 -7.0297770E-05 -4.9208349E-04 -1.3356539E-03 -2.6010105E-03 -4.2881551E-03
 -6.7649649E-05 -4.7354892E-04 -1.2853454E-03 -2.5030386E-03 -4.1266344E-03
 -6.4457272E-05 -4.5120026E-04 -1.2246844E-03 -2.3849125E-03 -3.9318856E-03
 -6.0745504E-05 -4.2521852E-04 -1.1541659E-03 -2.2475864E-03 -3.7054801E-03
 -5.6544817E-05 -3.9581305E-04 -1.0743514E-03 -2.0921566E-03 -3.4492307E-03
 -5.1888732E-05 -3.6322177E-04 -9.8588876E-04 -1.9198873E-03 -3.1652206E-03
 -4.6815199E-05 -3.2770546E-04 -8.8948658E-04 -1.7321561E-03 -2.8557191E-03
 -4.1364383E-05 -2.8955116E-04 -7.8592426E-04 -1.5304823E-03 -2.5232283E-03
 -3.5580768E-05 -2.4906470E-04 -6.7603309E-04 -1.3164865E-03 -2.1704242E-03
 -2.9510420E-05 -2.0657337E-04 -5.6069903E-04 -1.0918878E-03 -1.8001402E-03
 -2.3202767E-05 -1.6241954E-04 -4.4085120E-04 -8.5849955E-04 -1.4153641E-03
 -1.6708133E-05 -1.1695661E-04 -3.1745419E-04 -6.1820110E-04 -1.0191950E-03
 -1.0078964E-05 -7.0552895E-05 -1.9150082E-04 -3.7292266E-04 -6.1481813E-04
 -3.3686756E-06 -2.3580867E-05 -6.4005246E-05 -1.2464188E-04 -2.0549072E-04
 -1.0187028E-05 -3.0478772E-05 -5.0526178E-05 -7.0165697E-05 -8.9239809E-05
 -1.0759835E-04 -1.2508617E-04 -1.4157077E-04 -1.5691262E-04 -1.7099384E-04
 -1.8369542E-04 -1.9492079E-04 -2.0457432E-04 -2.1258224E-04 -2.1887812E-04
 -2.2341279E-04 -2.2614715E-04 -2.2705959E-04 -2.2614715E-04 -2.2341279E-04
 -2.1887812E-04 -2.1258224E-04 -2.0457432E-04 -1.9492079E-04 -1.8369542E-04
 -1.7099384E-04 -1.5691262E-04 -1.4157077E-04 -1.2508617E-04 -1.0759835E-04
 -8.9239809E-05 -7.0165697E-05 -5.0526178E-05 -3.0478772E-05 -1.0187028E-05
 -2.4169368E-04 -1.2519435E-04 -4.7022135E-05 -7.2313612E-04 -3.7457483E-04
 -1.4068733E-04 -1.1987567E-03 -6.2094076E-04 -2.3321979E-04 -1.6647228E-03
 -8.6230558E-04 -3.2387543E-04 -2.1172869E-03 -1.0967265E-03 -4.1192086E-04
 -2.5528080E-03 -1.3223223E-03 -4.9665471E-04 -2.9677670E-03 -1.5372642E-03
 -5.7738466E-04 -3.3588393E-03 -1.7398376E-03 -6.5347023E-04 -3.7228647E-03
 -1.9283949E-03 -7.2428881E-04 -4.0569138E-03 -2.1014302E-03 -7.8928180E-04
 -4.3583056E-03 -2.2575455E-03 -8.4791495E-04 -4.6246001E-03 -2.3954839E-03
 -8.9972554E-04 -4.8536635E-03 -2.5141356E-03 -9.4428990E-04 -5.0436407E-03
 -2.6125435E-03 -9.8125101E-04 -5.1930277E-03 -2.6899204E-03 -1.0103126E-03
 -5.3005815E-03 -2.7456293E-03 -1.0312378E-03 -5.3654723E-03 -2.7792493E-03
 -1.0438644E-03 -5.3871572E-03 -2.7904767E-03 -1.0480810E-03 -5.3654723E-03
 -2.7792489E-03 -1.0438646E-03 -5.3005810E-03 -2.7456291E-03 -1.0312378E-03
 -5.1930277E-03 -2.6899206E-03 -1.0103126E-03 -5.0436407E-03 -2.6125435E-03
 -9.8125101E-04 -4.8536635E-03 -2.5141351E-03 -9.4428984E-04 -4.6246001E-03
 -2.3954839E-03 -8.9972559E-04 -4.3583056E-03 -2.2575452E-03 -8.4791490E-04
 -4.0569138E-03 -2.1014302E-03 -7.8928185E-04 -3.7228647E-03 -1.9283947E-03
 -7.2428875E-04 -3.3588393E-03 -1.7398378E-03 -6.5347023E-04 -2.9677667E-03
 -1.5372643E-03 -5.7738461E-04 -2.5528080E-03 -1.3223222E-03 -4.9665471E-04
 -2.1172867E-03 -1.0967263E-03 -4.1192089E-04 -1.6647227E-03 -8.6230563E-04
 -3.2387546E-04 -1.1987566E-03 -6.2094076E-04 -2.3321976E-04 -7.2313601E-04
 -3.7457483E-04 -1.4068733E-04 -2.4169371E-04 -1.2519433E-04 -4.7022135E-05
 -4.9549249E-07 -1.4824641E-06 -2.4575145E-06 -3.4127575E-06 -4.3405539E-06
 -5.2333748E-06 -6.0840666E-06 -6.8858003E-06 -7.6320603E-06 -8.3168743E-06
 -8.9347614E-06 -9.4806537E-06 -9.9502586E-06 -1.0339719E-05 -1.0645970E-05
 -1.0866466E-05 -1.0999483E-05 -1.1043954E-05 -1.0999483E-05 -1.0866466E-05
 -1.0645970E-05 -1.0339719E-05 -9.9502586E-06 -9.4806537E-06 -8.9347614E-06
 -8.3168743E-06 -7.6320603E-06 -6.8858003E-06 -6.0840666E-06 -5.2333748E-06
 -4.3405539E-06 -3.4127575E-06 -2.4575145E-06 -1.4824641E-06 -4.9549249E-07
  3.3686756E-06  2.3580871E-05  6.4005246E-05  1.2464188E-04  2.0549072E-04
  1.0078964E-05  7.0552895E-05  1.9150079E-04  3.7292266E-04  6.1481819E-04
  1.6708133E-05  1.1695664E-04  3.1745419E-04  6.1820116E-04  1.0191950E-03
  2.3202767E-05  1.6241954E-04  4.4085126E-04  8.5849938E-04  1.4153640E-03
  2.9510420E-05  2.0657337E-04  5.6069897E-04  1.0918881E-03  1.8001401E-03
  3.5580768E-05  2.4906470E-04  6.7603309E-04  1.3164863E-03  2.1704242E-03
  4.1364376E-05  2.8955116E-04  7.8592426E-04  1.5304823E-03  2.5232288E-03
  4.6815199E-05  3.2770549E-04  8.8948658E-04  1.7321561E-03  2.8557188E-03
  5.1888732E-05  3.6322177E-04  9.8588876E-04  1.9198873E-03  3.1652206E-03
  5.6544821E-05  3.9581305E-04  1.0743511E-03  2.0921566E-03  3.4492309E-03
  6.0745504E-05  4.2521852E-04  1.1541658E-03  2.2475861E-03  3.7054799E-03
  6.4457272E-05  4.5120026E-04  1.2246845E-03  2.3849125E-03  3.9318861E-03
  6.7649649E-05  4.7354892E-04  1.2853455E-03  2.5030384E-03  4.1266344E-03
  7.0297770E-05  4.9208343E-04  1.3356539E-03  2.6010105E-03  4.2881547E-03
  7.2379909E-05  5.0665805E-04  1.3752171E-03  2.6780546E-03  4.4151670E-03
  7.3878822E-05  5.1715277E-04  1.4036989E-03  2.7335177E-03  4.5066127E-03
  7.4783289E-05  5.2348257E-04  1.4208822E-03  2.7669815E-03  4.5617772E-03
  7.5085401E-05  5.2559737E-04  1.4266223E-03  2.7781667E-03  4.5802216E-03
  7.4783282E-05  5.2348251E-04  1.4208845E-03  2.7669845E-03  4.5617777E-03
  7.3878822E-05  5.1715277E-04  1.4036987E-03  2.7335179E-03  4.5066122E-03
  7.2379902E-05  5.0665811E-04  1.3752171E-03  2.6780546E-03  4.4151670E-03
  7.0297770E-05  4.9208349E-04  1.3356539E-03  2.6010105E-03  4.2881551E-03
  6.7649649E-05  4.7354892E-04  1.2853454E-03  2.5030386E-03  4.1266344E-03
  6.4457272E-05  4.5120026E-04  1.2246844E-03  2.3849125E-03  3.9318856E-03
  6.0745504E-05  4.2521852E-04  1.1541659E-03  2.2475864E-03  3.7054801E-03
  5.6544817E-05  3.9581305E-04  1.0743514E-03  2.0921566E-03  3.4492307E-03
  5.1888732E-05  3.6322177E-04  9.8588876E-04  1.9198873E-03  3.1652206E-03
  4.6815199E-05  3.2770546E-04  8.8948658E-04  1.7321561E-03  2.8557191E-03
  4.1364383E-05  2.8955116E-04  7.8592426E-04  1.5304823E-03  2.5232283E-03
  3.5580768E-05  2.4906470E-04  6.7603309E-04  1.3164865E-03  2.1704242E-03
  2.9510420E-05  2.0657337E-04  5.6069903E-04  1.0918878E-03  1.8001402E-03
  2.3202767E-05  1.6241954E-04  4.4085120E-04  8.5849955E-04  1.4153641E-03
  1.6708133E-05  1.1695661E-04  3.1745419E-04  6.1820110E-04  1.0191950E-03
  1.0078964E-05  7.0552895E-05  1.9150082E-04  3.7292266E-04  6.1481813E-04
  3.3686756E-06  2.3580867E-05  6.4005246E-05  1.2464188E-04  2.0549072E-04
 -2.2683255E-04 -2.2500628E-04 -2.2136810E-04 -2.1594709E-04 -2.0878790E-04
 -1.9994999E-04 -1.8949837E-04 -1.7752389E-04 -1.6411817E-04 -1.4939194E-04
 -1.3346305E-04 -1.1645937E-04 -9.8518838E-05 -7.9783014E-05 -6.0406594E-05
 -4.0542982E-05 -2.0354017E-05  0.0000000E+00  2.0354017E-05  4.0542982E-05
  6.0406594E-05  7.9783014E-05  9.8518838E-05  1.1645937E-04  1.3346305E-04
  1.4939194E-04  1.6411817E-04  1.7752389E-04  1.8949837E-04  1.9994999E-04
  2.0878790E-04  2.1594709E-04  2.2136810E-04  2.2500628E-04  2.2683255E-04
 -5.3817309E-03 -2.7876690E-03 -1.0470279E-03 -5.3384057E-03 -2.7652229E-03
 -1.0385952E-03 -5.2520954E-03 -2.7205194E-03 -1.0218028E-03 -5.1234895E-03
 -2.6539036E-03 -9.9678629E-04 -4.9536382E-03 -2.5659192E-03 -9.6373708E-04
 -4.7439123E-03 -2.4572869E-03 -9.2293945E-04 -4.4959746E-03 -2.3288559E-03
 -8.7470043E-04 -4.2118519E-03 -2.1816876E-03 -8.1942580E-04 -3.8938115E-03
 -2.0169427E-03 -7.5754669E-04 -3.5444193E-03 -1.8359643E-03 -6.8957475E-04
 -3.1664947E-03 -1.6402029E-03 -6.1604631E-04 -2.7630697E-03 -1.4312350E-03
 -5.3756102E-04 -2.3374008E-03 -1.2107438E-03 -4.5474604E-04 -1.8929103E-03
 -9.8050386E-04 -3.6826966E-04 -1.4331846E-03 -7.4237079E-04 -2.7882849E-04
 -9.6191355E-04 -4.9825816E-04 -1.8714204E-04 -4.8290117E-04 -2.5013695E-04
 -9.3949493E-05  0.0000000E+00  0.0000000E+00  4.5525774E-13  4.8290117E-04
  2.5013695E-04  9.3949500E-05  9.6191349E-04  4.9825816E-04  1.8714204E-04
  1.4331845E-03  7.4237073E-04  2.7882852E-04  1.8929103E-03  9.8050374E-04
  3.6826966E-04  2.3374006E-03  1.2107438E-03  4.5474598E-04  2.7630697E-03
  1.4312350E-03  5.3756102E-04  3.1664947E-03  1.6402028E-03  6.1604625E-04
  3.5444198E-03  1.8359643E-03  6.8957481E-04  3.8938113E-03  2.0169427E-03
  7.5754657E-04  4.2118519E-03  2.1816876E-03  8.1942568E-04  4.4959737E-03
  2.3288559E-03  8.7470032E-04  4.7439127E-03  2.4572869E-03  9.2293933E-04
  4.9536387E-03  2.5659192E-03  9.6373702E-04  5.1234895E-03  2.6539033E-03
  9.9678617E-04  5.2520949E-03  2.7205197E-03  1.0218028E-03  5.3384057E-03
  2.7652227E-03  1.0385952E-03  5.3817309E-03  2.7876690E-03  1.0470279E-03
 -1.1032824E-05 -1.0944005E-05 -1.0767060E-05 -1.0503415E-05 -1.0155206E-05
 -9.7252596E-06 -9.2169876E-06 -8.6344971E-06 -7.9825131E-06 -7.2662451E-06
 -6.4914607E-06 -5.6644494E-06 -4.7917815E-06 -3.8805561E-06 -2.9381083E-06
 -1.9719691E-06 -9.8998157E-07  0.0000000E+00  9.8998157E-07  1.9719691E-06
  2.9381083E-06  3.8805561E-06  4.7917815E-06  5.6644494E-06  6.4914607E-06
  7.2662451E-06  7.9825131E-06  8.6344971E-06  9.2169876E-06  9.7252596E-06
  1.0155206E-05  1.0503415E-05  1.0767060E-05  1.0944005E-05  1.1032824E-05
  7.5009673E-05  5.2506931E-04  1.4251883E-03  2.7753678E-03  4.5756069E-03
  7.4406067E-05  5.2084250E-04  1.4137157E-03  2.7530252E-03  4.5387698E-03
  7.3203148E-05  5.1242055E-04  1.3908572E-03  2.7085149E-03  4.4653835E-03
  7.1410737E-05  4.9987587E-04  1.3568006E-03  2.6421892E-03  4.3560420E-03
  6.9043039E-05  4.8330231E-04  1.3118203E-03  2.5545992E-03  4.2116372E-03
  6.6120134E-05  4.6283967E-04  1.2562799E-03  2.4464417E-03  4.0333243E-03
  6.2664338E-05  4.3865122E-04  1.1906244E-03  2.3185816E-03  3.8225278E-03
  5.8704383E-05  4.1092964E-04  1.1153810E-03  2.1720554E-03  3.5809586E-03
  5.4271339E-05  3.7990013E-04  1.0311587E-03  2.0080449E-03  3.3105612E-03
  4.9401708E-05  3.4581139E-04  9.3863253E-04  1.8278623E-03  3.0135026E-03
  4.4134176E-05  3.0893934E-04  8.3855051E-04  1.6329670E-03  2.6921891E-03
  3.8511414E-05  2.6957964E-04  7.3171488E-04  1.4249185E-03  2.3491920E-03
  3.2578337E-05  2.2804910E-04  6.1898975E-04  1.2053996E-03  1.9872822E-03
  2.6383183E-05  1.8468199E-04  5.0127937E-04  9.7617577E-04  1.6093715E-03
  1.9975565E-05  1.3982870E-04  3.7953584E-04  7.3909626E-04  1.2185089E-03
  1.3407008E-05  9.3849332E-05  2.5473372E-04  4.9606035E-04  8.1782945E-04
  6.7306050E-06  4.7114201E-05  1.2788172E-04  2.4903298E-04  4.1056750E-04
  0.0000000E+00  0.0000000E+00  0.0000000E+00  0.0000000E+00 -6.9484696E-12
 -6.7306046E-06 -4.7114201E-05 -1.2788182E-04 -2.4903307E-04 -4.1056745E-04
 -1.3407008E-05 -9.3849332E-05 -2.5473372E-04 -4.9606041E-04 -8.1782928E-04
 -1.9975565E-05 -1.3982870E-04 -3.7953584E-04 -7.3909631E-04 -1.2185089E-03
 -2.6383183E-05 -1.8468199E-04 -5.0127937E-04 -9.7617577E-04 -1.6093715E-03
 -3.2578340E-05 -2.2804909E-04 -6.1898975E-04 -1.2053996E-03 -1.9872822E-03
 -3.8511414E-05 -2.6957964E-04 -7.3171477E-04 -1.4249185E-03 -2.3491920E-03
 -4.4134176E-05 -3.0893937E-04 -8.3855068E-04 -1.6329669E-03 -2.6921893E-03
 -4.9401704E-05 -3.4581142E-04 -9.3863247E-04 -1.8278625E-03 -3.0135023E-03
 -5.4271339E-05 -3.7990013E-04 -1.0311588E-03 -2.0080449E-03 -3.3105612E-03
 -5.8704383E-05 -4.1092961E-04 -1.1153810E-03 -2.1720552E-03 -3.5809590E-03
 -6.2664352E-05 -4.3865116E-04 -1.1906244E-03 -2.3185816E-03 -3.8225281E-03
 -6.6120141E-05 -4.6283973E-04 -1.2562799E-03 -2.4464419E-03 -4.0333243E-03
 -6.9043039E-05 -4.8330228E-04 -1.3118203E-03 -2.5545992E-03 -4.2116372E-03
 -7.1410737E-05 -4.9987581E-04 -1.3568003E-03 -2.6421894E-03 -4.3560420E-03
 -7.3203148E-05 -5.1242049E-04 -1.3908574E-03 -2.7085149E-03 -4.4653830E-03
 -7.4406067E-05 -5.2084250E-04 -1.4137157E-03 -2.7530252E-03 -4.5387698E-03
 -7.5009673E-05 -5.2506931E-04 -1.4251884E-03 -2.7753683E-03 -4.5756069E-03
 -2.2683255E-04 -2.2500628E-04 -2.2136810E-04 -2.1594709E-04 -2.0878790E-04
 -1.9994999E-04 -1.8949837E-04 -1.7752389E-04 -1.6411817E-04 -1.4939194E-04
 -1.3346305E-04 -1.1645937E-04 -9.8518838E-05 -7.9783014E-05 -6.0406594E-05
 -4.0542982E-05 -2.0354017E-05  0.0000000E+00  2.0354017E-05  4.0542982E-05
  6.0406594E-05  7.9783014E-05  9.8518838E-05  1.1645937E-04  1.3346305E-04
  1.4939194E-04  1.6411817E-04  1.7752389E-04  1.8949837E-04  1.9994999E-04
  2.0878790E-04  2.1594709E-04  2.2136810E-04  2.2500628E-04  2.2683255E-04
 -5.3817309E-03 -2.7876690E-03 -1.0470279E-03 -5.3384057E-03 -2.7652229E-03
 -1.0385952E-03 -5.2520954E-03 -2.7205194E-03 -1.0218028E-03 -5.1234895E-03
 -2.6539036E-03 -9.9678629E-04 -4.9536382E-03 -2.5659192E-03 -9.6373708E-04
 -4.7439123E-03 -2.4572869E-03 -9.2293945E-04 -4.4959746E-03 -2.3288559E-03
 -8.7470043E-04 -4.2118519E-03 -2.1816876E-03 -8.1942580E-04 -3.8938115E-03
 -2.0169427E-03 -7.5754669E-04 -3.5444193E-03 -1.8359643E-03 -6.8957475E-04
 -3.1664947E-03 -1.6402029E-03 -6.1604631E-04 -2.7630697E-03 -1.4312350E-03
 -5.3756102E-04 -2.3374008E-03 -1.2107438E-03 -4.5474604E-04 -1.8929103E-03
 -9.8050386E-04 -3.6826966E-04 -1.4331846E-03 -7.4237079E-04 -2.7882849E-04
 -9.6191355E-04 -4.9825816E-04 -1.8714204E-04 -4.8290117E-04 -2.5013695E-04
 -9.3949493E-05  0.0000000E+00  0.0000000E+00  4.5525774E-13  4.8290117E-04
  2.5013695E-04  9.3949500E-05  9.6191349E-04  4.9825816E-04  1.8714204E-04
  1.4331845E-03  7.4237073E-04  2.7882852E-04  1.8929103E-03  9.8050374E-04
  3.6826966E-04  2.3374006E-03  1.2107438E-03  4.5474598E-04  2.7630697E-03
  1.4312350E-03  5.3756102E-04  3.1664947E-03  1.6402028E-03  6.1604625E-04
  3.5444198E-03  1.8359643E-03  6.8957481E-04  3.8938113E-03  2.0169427E-03
  7.5754657E-04  4.2118519E-03  2.1816876E-03  8.1942568E-04  4.4959737E-03
  2.3288559E-03  8.7470032E-04  4.7439127E-03  2.4572869E-03  9.2293933E-04
  4.9536387E-03  2.5659192E-03  9.6373702E-04  5.1234895E-03  2.6539033E-03
  9.9678617E-04  5.2520949E-03  2.7205197E-03  1.0218028E-03  5.3384057E-03
  2.7652227E-03  1.0385952E-03  5.3817309E-03  2.7876690E-03  1.0470279E-03
 -1.1032824E-05 -1.0944005E-05 -1.0767060E-05 -1.0503415E-05 -1.0155206E-05
 -9.7252596E-06 -9.2169876E-06 -8.6344971E-06 -7.9825131E-06 -7.2662451E-06
 -6.4914607E-06 -5.6644494E-06 -4.7917815E-06 -3.8805561E-06 -2.9381083E-06
 -1.9719691E-06 -9.8998157E-07  0.0000000E+00  9.8998157E-07  1.9719691E-06
  2.9381083E-06  3.8805561E-06  4.7917815E-06  5.6644494E-06  6.4914607E-06
  7.2662451E-06  7.9825131E-06  8.6344971E-06  9.2169876E-06  9.7252596E-06
  1.0155206E-05  1.0503415E-05  1.0767060E-05  1.0944005E-05  1.1032824E-05
  7.5009673E-05  5.2506931E-04  1.4251883E-03  2.7753678E-03  4.5756069E-03
  7.4406067E-05  5.2084250E-04  1.4137157E-03  2.7530252E-03  4.5387698E-03
  7.3203148E-05  5.1242055E-04  1.3908572E-03  2.7085149E-03  4.4653835E-03
  7.1410737E-05  4.9987587E-04  1.3568006E-03  2.6421892E-03  4.3560420E-03
  6.9043039E-05  4.8330231E-04  1.3118203E-03  2.5545992E-03  4.2116372E-03
  6.6120134E-05  4.6283967E-04  1.2562799E-03  2.4464417E-03  4.0333243E-03
  6.2664338E-05  4.3865122E-04  1.1906244E-03  2.3185816E-03  3.8225278E-03
  5.8704383E-05  4.1092964E-04  1.1153810E-03  2.1720554E-03  3.5809586E-03
  5.4271339E-05  3.7990013E-04  1.0311587E-03  2.0080449E-03  3.3105612E-03
  4.9401708E-05  3.4581139E-04  9.3863253E-04  1.8278623E-03  3.0135026E-03
  4.4134176E-05  3.0893934E-04  8.3855051E-04  1.6329670E-03  2.6921891E-03
  3.8511414E-05  2.6957964E-04  7.3171488E-04  1.4249185E-03  2.3491920E-03
  3.2578337E-05  2.2804910E-04  6.1898975E-04  1.2053996E-03  1.9872822E-03
  2.6383183E-05  1.8468199E-04  5.0127937E-04  9.7617577E-04  1.6093715E-03
  1.9975565E-05  1.3982870E-04  3.7953584E-04  7.3909626E-04  1.2185089E-03
  1.3407008E-05  9.3849332E-05  2.5473372E-04  4.9606035E-04  8.1782945E-04
  6.7306050E-06  4.7114201E-05  1.2788172E-04  2.4903298E-04  4.1056750E-04
  0.0000000E+00  0.0000000E+00  0.0000000E+00  0.0000000E+00 -6.9484696E-12
 -6.7306046E-06 -4.7114201E-05 -1.2788182E-04 -2.4903307E-04 -4.1056745E-04
 -1.3407008E-05 -9.3849332E-05 -2.5473372E-04 -4.9606041E-04 -8.1782928E-04
 -1.9975565E-05 -1.3982870E-04 -3.7953584E-04 -7.3909631E-04 -1.2185089E-03
 -2.6383183E-05 -1.8468199E-04 -5.0127937E-04 -9.7617577E-04 -1.6093715E-03
 -3.2578340E-05 -2.2804909E-04 -6.1898975E-04 -1.2053996E-03 -1.9872822E-03
 -3.8511414E-05 -2.6957964E-04 -7.3171477E-04 -1.4249185E-03 -2.3491920E-03
 -4.4134176E-05 -3.0893937E-04 -8.3855068E-04 -1.6329669E-03 -2.6921893E-03
 -4.9401704E-05 -3.4581142E-04 -9.3863247E-04 -1.8278625E-03 -3.0135023E-03
 -5.4271339E-05 -3.7990013E-04 -1.0311588E-03 -2.0080449E-03 -3.3105612E-03
 -5.8704383E-05 -4.1092961E-04 -1.1153810E-03 -2.1720552E-03 -3.5809590E-03
 -6.2664352E-05 -4.3865116E-04 -1.1906244E-03 -2.3185816E-03 -3.8225281E-03
 -6.6120141E-05 -4.6283973E-04 -1.2562799E-03 -2.4464419E-03 -4.0333243E-03
 -6.9043039E-05 -4.8330228E-04 -1.3118203E-03 -2.5545992E-03 -4.2116372E-03
 -7.1410737E-05 -4.9987581E-04 -1.3568003E-03 -2.6421894E-03 -4.3560420E-03
 -7.3203148E-05 -5.1242049E-04 -1.3908574E-03 -2.7085149E-03 -4.4653830E-03
 -7.4406067E-05 -5.2084250E-04 -1.4137157E-03 -2.7530252E-03 -4.5387698E-03
 -7.5009673E-05 -5.2506931E-04 -1.4251884E-03 -2.7753683E-03 -4.5756069E-03
 -6.8441676E-11 -6.2825944E-10  4.2117931E-10  2.6674593E-10 -4.9137300E-10
  8.8448232E-10 -7.1600098E-10  2.3866892E-10 -4.3521695E-10  9.8275277E-10
 -5.8964905E-10  5.1945531E-10 -1.3898901E-09  6.2474809E-10 -3.5098230E-11
  6.7037886E-10 -6.4756367E-10  0.0000000E+00  6.4756367E-10 -6.7037886E-10
  4.2117875E-11 -6.2474809E-10  1.3758508E-09 -5.1945531E-10  5.8964905E-10
 -9.8275277E-10  4.3521695E-10 -2.2462958E-10  7.1600098E-10 -8.8448232E-10
  5.0541221E-10 -2.6674593E-10 -4.2117931E-10  6.2825944E-10  6.8441676E-11
  0.0000000E+00  0.0000000E+00  0.0000000E+00  0.0000000E+00  0.0000000E+00
  0.0000000E+00  0.0000000E+00  0.0000000E+00  0.0000000E+00  0.0000000E+00
  0.0000000E+00  0.0000000E+00  0.0000000E+00  0.0000000E+00  0.0000000E+00
  0.0000000E+00  0.0000000E+00  0.0000000E+00  0.0000000E+00  0.0000000E+00
  0.0000000E+00  0.0000000E+00  0.0000000E+00  0.0000000E+00  0.0000000E+00
  0.0000000E+00  0.0000000E+00  0.0000000E+00  0.0000000E+00  0.0000000E+00
  0.0000000E+00  0.0000000E+00  0.0000000E+00  0.0000000E+00  0.0000000E+00
  0.0000000E+00  0.0000000E+00  0.0000000E+00  0.0000000E+00  0.0000000E+00
  0.0000000E+00  0.0000000E+00  0.0000000E+00  0.0000000E+00  0.0000000E+00
  0.0000000E+00  0.0000000E+00  0.0000000E+00  0.0000000E+00  0.0000000E+00
  0.0000000E+00  0.0000000E+00  0.0000000E+00  0.0000000E+00  0.0000000E+00
  0.0000000E+00  0.0000000E+00  0.0000000E+00  0.0000000E+00  0.0000000E+00
  0.0000000E+00  0.0000000E+00  0.0000000E+00  0.0000000E+00  0.0000000E+00
  0.0000000E+00  0.0000000E+00  0.0000000E+00  0.0000000E+00  0.0000000E+00
  0.0000000E+00  0.0000000E+00  0.0000000E+00  0.0000000E+00  0.0000000E+00
  0.0000000E+00  0.0000000E+00  0.0000000E+00  0.0000000E+00  0.0000000E+00
  0.0000000E+00  0.0000000E+00  0.0000000E+00  0.0000000E+00  0.0000000E+00
  0.0000000E+00  0.0000000E+00  0.0000000E+00  0.0000000E+00  0.0000000E+00
  0.0000000E+00  0.0000000E+00  0.0000000E+00  0.0000000E+00  0.0000000E+00
  0.0000000E+00  0.0000000E+00  0.0000000E+00  0.0000000E+00  0.0000000E+00
  0.0000000E+00  0.0000000E+00  0.0000000E+00  0.0000000E+00  0.0000000E+00
  3.0004037E-11 -7.7283206E-12  1.0001357E-11 -3.2731668E-11  3.6368519E-11
 -3.4550130E-11 -4.1823815E-11  5.8189668E-11 -7.2737103E-12 -2.9094826E-11
  7.2737157E-11 -7.4555501E-11  3.4550116E-11  1.8184249E-11 -2.7276450E-11
  1.2728987E-11 -3.8868863E-11  0.0000000E+00  3.9323468E-11 -1.2728987E-11
  2.6367237E-11 -1.8184249E-11 -3.2731689E-11  7.4555501E-11 -7.2737157E-11
  2.9094826E-11  7.2737103E-12 -5.6371241E-11  4.1823815E-11  3.4550130E-11
 -3.6368519E-11  3.2731668E-11 -1.0001357E-11  7.7283206E-12 -3.0004037E-11
  0.0000000E+00  0.0000000E+00  0.0000000E+00  0.0000000E+00  0.0000000E+00
  0.0000000E+00  0.0000000E+00  0.0000000E+00  0.0000000E+00  0.0000000E+00
  0.0000000E+00  0.0000000E+00  0.0000000E+00  0.0000000E+00  0.0000000E+00
  0.0000000E+00  0.0000000E+00  0.0000000E+00  0.0000000E+00  0.0000000E+00
  0.0000000E+00  0.0000000E+00  0.0000000E+00  0.0000000E+00  0.0000000E+00
  0.0000000E+00  0.0000000E+00  0.0000000E+00  0.0000000E+00  0.0000000E+00
  0.0000000E+00  0.0000000E+00  0.0000000E+00  0.0000000E+00  0.0000000E+00
  0.0000000E+00  0.0000000E+00  0.0000000E+00  0.0000000E+00  0.0000000E+00
  0.0000000E+00  0.0000000E+00  0.0000000E+00  0.0000000E+00  0.0000000E+00
  0.0000000E+00  0.0000000E+00  0.0000000E+00  0.0000000E+00  0.0000000E+00
  0.0000000E+00  0.0000000E+00  0.0000000E+00  0.0000000E+00  0.0000000E+00
  0.0000000E+00  0.0000000E+00  0.0000000E+00  0.0000000E+00  0.0000000E+00
  0.0000000E+00  0.0000000E+00  0.0000000E+00  0.0000000E+00  0.0000000E+00
  0.0000000E+00  0.0000000E+00  0.0000000E+00  0.0000000E+00  0.0000000E+00
  0.0000000E+00  0.0000000E+00  0.0000000E+00  0.0000000E+00  0.0000000E+00
  0.0000000E+00  0.0000000E+00  0.0000000E+00  0.0000000E+00  0.0000000E+00
  0.0000000E+00  0.0000000E+00  0.0000000E+00  0.0000000E+00  0.0000000E+00
  0.0000000E+00  0.0000000E+00  0.0000000E+00  0.0000000E+00  0.0000000E+00
  0.0000000E+00  0.0000000E+00  0.0000000E+00  0.0000000E+00  0.0000000E+00
  0.0000000E+00  0.0000000E+00  0.0000000E+00  0.0000000E+00  0.0000000E+00
  0.0000000E+00  0.0000000E+00  0.0000000E+00  0.0000000E+00  0.0000000E+00
  0.0000000E+00  0.0000000E+00  0.0000000E+00  0.0000000E+00  0.0000000E+00
  0.0000000E+00  0.0000000E+00  0.0000000E+00  0.0000000E+00  0.0000000E+00
  0.0000000E+00  0.0000000E+00  0.0000000E+00  0.0000000E+00  0.0000000E+00
  0.0000000E+00  0.0000000E+00  0.0000000E+00  0.0000000E+00  0.0000000E+00
  0.0000000E+00  0.0000000E+00  0.0000000E+00  0.0000000E+00  0.0000000E+00
  0.0000000E+00  0.0000000E+00  0.0000000E+00  0.0000000E+00  0.0000000E+00
  0.0000000E+00  0.0000000E+00  0.0000000E+00  0.0000000E+00  0.0000000E+00
  0.0000000E+00  0.0000000E+00  0.0000000E+00  0.0000000E+00  0.0000000E+00
  0.0000000E+00  0.0000000E+00  0.0000000E+00  0.0000000E+00  0.0000000E+00
  0.0000000E+00  0.0000000E+00  0.0000000E+00  0.0000000E+00  0.0000000E+00
  0.0000000E+00  0.0000000E+00  0.0000000E+00  0.0000000E+00  0.0000000E+00
  0.0000000E+00  0.0000000E+00  0.0000000E+00  0.0000000E+00  0.0000000E+00
  0.0000000E+00  0.0000000E+00  0.0000000E+00  0.0000000E+00  0.0000000E+00
  0.0000000E+00  0.0000000E+00  0.0000000E+00  0.0000000E+00  0.0000000E+00
  6.8441676E-11  6.2825944E-10 -4.2117931E-10 -2.6674593E-10  4.9137300E-10
 -8.8448232E-10  7.1600098E-10 -2.3866892E-10  4.3521695E-10 -9.8275277E-10
  5.8964905E-10 -5.1945531E-10  1.3898901E-09 -6.2474809E-10  3.5098230E-11
 -6.7037886E-10  6.4756367E-10  0.0000000E+00 -6.4756367E-10  6.7037886E-10
 -4.2117875E-11  6.2474809E-10 -1.3758508E-09  5.1945531E-10 -5.8964905E-10
  9.8275277E-10 -4.3521695E-10  2.2462958E-10 -7.1600098E-10  8.8448232E-10
 -5.0541221E-10  2.6674593E-10  4.2117931E-10 -6.2825944E-10 -6.8441676E-11
  0.0000000E+00  0.0000000E+00  0.0000000E+00  0.0000000E+00  0.0000000E+00
  0.0000000E+00  0.0000000E+00  0.0000000E+00  0.0000000E+00  0.0000000E+00
  0.0000000E+00  0.0000000E+00  0.0000000E+00  0.0000000E+00  0.0000000E+00
  0.0000000E+00  0.0000000E+00  0.0000000E+00  0.0000000E+00  0.0000000E+00
  0.0000000E+00  0.0000000E+00  0.0000000E+00  0.0000000E+00  0.0000000E+00
  0.0000000E+00  0.0000000E+00  0.0000000E+00  0.0000000E+00  0.0000000E+00
  0.0000000E+00  0.0000000E+00  0.0000000E+00  0.0000000E+00  0.0000000E+00
  0.0000000E+00  0.0000000E+00  0.0000000E+00  0.0000000E+00  0.0000000E+00
  0.0000000E+00  0.0000000E+00  0.0000000E+00  0.0000000E+00  0.0000000E+00
  0.0000000E+00  0.0000000E+00  0.0000000E+00  0.0000000E+00  0.0000000E+00
  0.0000000E+00  0.0000000E+00  0.0000000E+00  0.0000000E+00  0.0000000E+00
  0.0000000E+00  0.0000000E+00  0.0000000E+00  0.0000000E+00  0.0000000E+00
  0.0000000E+00  0.0000000E+00  0.0000000E+00  0.0000000E+00  0.0000000E+00
  0.0000000E+00  0.0000000E+00  0.0000000E+00  0.0000000E+00  0.0000000E+00
  0.0000000E+00  0.0000000E+00  0.0000000E+00  0.0000000E+00  0.0000000E+00
  0.0000000E+00  0.0000000E+00  0.0000000E+00  0.0000000E+00  0.0000000E+00
  0.0000000E+00  0.0000000E+00  0.0000000E+00  0.0000000E+00  0.0000000E+00
  0.0000000E+00  0.0000000E+00  0.0000000E+00  0.0000000E+00  0.0000000E+00
  0.0000000E+00  0.0000000E+00  0.0000000E+00  0.0000000E+00  0.0000000E+00
  0.0000000E+00  0.0000000E+00  0.0000000E+00  0.0000000E+00  0.0000000E+00
  0.0000000E+00  0.0000000E+00  0.0000000E+00  0.0000000E+00  0.0000000E+00
 -3.0004037E-11  7.7283206E-12 -1.0001357E-11  3.2731668E-11 -3.6368519E-11
  3.4550130E-11  4.1823815E-11 -5.8189668E-11  7.2737103E-12  2.9094826E-11
 -7.2737157E-11  7.4555501E-11 -3.4550116E-11 -1.8184249E-11  2.7276450E-11
 -1.2728987E-11  3.8868863E-11  0.0000000E+00 -3.9323468E-11  1.2728987E-11
 -2.6367237E-11  1.8184249E-11  3.2731689E-11 -7.4555501E-11  7.2737157E-11
 -2.9094826E-11 -7.2737103E-12  5.6371241E-11 -4.1823815E-11 -3.4550130E-11
  3.6368519E-11 -3.2731668E-11  1.0001357E-11 -7.7283206E-12  3.0004037E-11
  0.0000000E+00  0.0000000E+00  0.0000000E+00  0.0000000E+00  0.0000000E+00
  0.0000000E+00  0.0000000E+00  0.0000000E+00  0.0000000E+00  0.0000000E+00
  0.0000000E+00  0.0000000E+00  0.0000000E+00  0.0000000E+00  0.0000000E+00
  0.0000000E+00  0.0000000E+00  0.0000000E+00  0.0000000E+00  0.0000000E+00
  0.0000000E+00  0.0000000E+00  0.0000000E+00  0.0000000E+00  0.0000000E+00
  0.0000000E+00  0.0000000E+00  0.0000000E+00  0.0000000E+00  0.0000000E+00
  0.0000000E+00  0.0000000E+00  0.0000000E+00  0.0000000E+00  0.0000000E+00
  0.0000000E+00  0.0000000E+00  0.0000000E+00  0.0000000E+00  0.0000000E+00
  0.0000000E+00  0.0000000E+00  0.0000000E+00  0.0000000E+00  0.0000000E+00
  0.0000000E+00  0.0000000E+00  0.0000000E+00  0.0000000E+00  0.0000000E+00
  0.0000000E+00  0.0000000E+00  0.0000000E+00  0.0000000E+00  0.0000000E+00
  0.0000000E+00  0.0000000E+00  0.0000000E+00  0.0000000E+00  0.0000000E+00
  0.0000000E+00  0.0000000E+00  0.0000000E+00  0.0000000E+00  0.0000000E+00
  0.0000000E+00  0.0000000E+00  0.0000000E+00  0.0000000E+00  0.0000000E+00
  0.0000000E+00  0.0000000E+00  0.0000000E+00  0.0000000E+00  0.0000000E+00
  0.0000000E+00  0.0000000E+00  0.0000000E+00  0.0000000E+00  0.0000000E+00
  0.0000000E+00  0.0000000E+00  0.0000000E+00  0.0000000E+00  0.0000000E+00
  0.0000000E+00  0.0000000E+00  0.0000000E+00  0.0000000E+00  0.0000000E+00
  0.0000000E+00  0.0000000E+00  0.0000000E+00  0.0000000E+00  0.0000000E+00
  0.0000000E+00  0.0000000E+00  0.0000000E+00  0.0000000E+00  0.0000000E+00
  0.0000000E+00  0.0000000E+00  0.0000000E+00  0.0000000E+00  0.0000000E+00
  0.0000000E+00  0.0000000E+00  0.0000000E+00  0.0000000E+00  0.0000000E+00
  0.0000000E+00  0.0000000E+00  0.0000000E+00  0.0000000E+00  0.0000000E+00
  0.0000000E+00  0.0000000E+00  0.0000000E+00  0.0000000E+00  0.0000000E+00
  0.0000000E+00  0.0000000E+00  0.0000000E+00  0.0000000E+00  0.0000000E+00
  0.0000000E+00  0.0000000E+00  0.0000000E+00  0.0000000E+00  0.0000000E+00
  0.0000000E+00  0.0000000E+00  0.0000000E+00  0.0000000E+00  0.0000000E+00
  0.0000000E+00  0.0000000E+00  0.0000000E+00  0.0000000E+00  0.0000000E+00
  0.0000000E+00  0.0000000E+00  0.0000000E+00  0.0000000E+00  0.0000000E+00
  0.0000000E+00  0.0000000E+00  0.0000000E+00  0.0000000E+00  0.0000000E+00
  0.0000000E+00  0.0000000E+00  0.0000000E+00  0.0000000E+00  0.0000000E+00
  0.0000000E+00  0.0000000E+00  0.0000000E+00  0.0000000E+00  0.0000000E+00
  0.0000000E+00  0.0000000E+00  0.0000000E+00  0.0000000E+00  0.0000000E+00
  0.0000000E+00  0.0000000E+00  0.0000000E+00  0.0000000E+00  0.0000000E+00
  0.0000000E+00  0.0000000E+00  0.0000000E+00  0.0000000E+00  0.0000000E+00
