 
      1    980    350      1
    1  0.1746477E+00  0.7843450E-02 -0.6000000E-01  0.9989930E+00  0.4486468E-01  0.0000000E+00  0.1884325E-02
    1  0.1732416E+00  0.2346720E-01 -0.6000000E-01  0.9909500E+00  0.1342315E+00  0.0000000E+00  0.1884325E-02
    1  0.1704406E+00  0.3890200E-01 -0.5999999E-01  0.9749275E+00  0.2225224E+00  0.0000000E+00  0.1884324E-02
    1  0.1662673E+00  0.5402355E-01 -0.6000000E-01  0.9510562E+00  0.3090179E+00  0.0000000E+00  0.1884318E-02
    1  0.1607554E+00  0.6871010E-01 -0.6000000E-01  0.9195284E+00  0.3930235E+00  0.0000000E+00  0.1884313E-02
    1  0.1539491E+00  0.8284350E-01 -0.6000000E-01  0.8805943E+00  0.4738710E+00  0.0000000E+00  0.1884337E-02
    1  0.1459033E+00  0.9630990E-01 -0.6000000E-01  0.8345745E+00  0.5508952E+00  0.0000000E+00  0.1884314E-02
    1  0.1366827E+00  0.1090008E+00 -0.6000000E-01  0.7818311E+00  0.6234903E+00  0.0000000E+00  0.1884329E-02
    1  0.1263618E+00  0.1208142E+00 -0.6000000E-01  0.7227958E+00  0.6910617E+00  0.0000000E+00  0.1884317E-02
    1  0.1150234E+00  0.1316548E+00 -0.6000000E-01  0.6579365E+00  0.7530734E+00  0.0000000E+00  0.1884326E-02
    1  0.1027589E+00  0.1414354E+00 -0.6000000E-01  0.5877867E+00  0.8090159E+00  0.0000000E+00  0.1884318E-02
    1  0.8966701E-01  0.1500773E+00 -0.6000000E-01  0.5128980E+00  0.8584495E+00  0.0000000E+00  0.1884327E-02
    1  0.7585320E-01  0.1575108E+00 -0.6000000E-01  0.4338875E+00  0.9009671E+00  0.0000000E+00  0.1884322E-02
    1  0.6142870E-01  0.1636761E+00 -0.6000000E-01  0.3513732E+00  0.9362355E+00  0.0000000E+00  0.1884321E-02
    1  0.4650960E-01  0.1685236E+00 -0.6000000E-01  0.2660371E+00  0.9639627E+00  0.0000000E+00  0.1884322E-02
    1  0.3121600E-01  0.1720143E+00 -0.6000000E-01  0.1785549E+00  0.9839299E+00  0.0000000E+00  0.1884329E-02
    1  0.1567105E-01  0.1741200E+00 -0.6000000E-01  0.8964108E-01  0.9959742E+00  0.0000000E+00  0.1884326E-02
    1  0.0000000E+00  0.1748238E+00 -0.6000000E-01  0.0000000E+00  0.1000000E+01  0.0000000E+00  0.1884312E-02
    1 -0.1567105E-01  0.1741200E+00 -0.6000000E-01 -0.8964108E-01  0.9959742E+00  0.0000000E+00  0.1884326E-02
    1 -0.3121600E-01  0.1720143E+00 -0.6000000E-01 -0.1785549E+00  0.9839299E+00  0.0000000E+00  0.1884329E-02
    1 -0.4650960E-01  0.1685237E+00 -0.6000000E-01 -0.2660371E+00  0.9639627E+00  0.0000000E+00  0.1884322E-02
    1 -0.6142870E-01  0.1636761E+00 -0.6000000E-01 -0.3513732E+00  0.9362355E+00  0.0000000E+00  0.1884321E-02
    1 -0.7585321E-01  0.1575108E+00 -0.6000000E-01 -0.4338875E+00  0.9009671E+00  0.0000000E+00  0.1884322E-02
    1 -0.8966701E-01  0.1500773E+00 -0.6000000E-01 -0.5128980E+00  0.8584495E+00  0.0000000E+00  0.1884327E-02
    1 -0.1027589E+00  0.1414354E+00 -0.6000000E-01 -0.5877867E+00  0.8090159E+00  0.0000000E+00  0.1884318E-02
    1 -0.1150234E+00  0.1316548E+00 -0.6000000E-01 -0.6579365E+00  0.7530734E+00  0.0000000E+00  0.1884326E-02
    1 -0.1263618E+00  0.1208142E+00 -0.6000000E-01 -0.7227958E+00  0.6910617E+00  0.0000000E+00  0.1884317E-02
    1 -0.1366827E+00  0.1090009E+00 -0.6000000E-01 -0.7818311E+00  0.6234903E+00  0.0000000E+00  0.1884329E-02
    1 -0.1459033E+00  0.9630990E-01 -0.6000000E-01 -0.8345745E+00  0.5508952E+00  0.0000000E+00  0.1884314E-02
    1 -0.1539491E+00  0.8284350E-01 -0.6000000E-01 -0.8805943E+00  0.4738710E+00  0.0000000E+00  0.1884337E-02
    1 -0.1607554E+00  0.6871010E-01 -0.6000000E-01 -0.9195284E+00  0.3930235E+00  0.0000000E+00  0.1884313E-02
    1 -0.1662673E+00  0.5402355E-01 -0.6000000E-01 -0.9510562E+00  0.3090179E+00  0.0000000E+00  0.1884318E-02
    1 -0.1704406E+00  0.3890200E-01 -0.5999999E-01 -0.9749275E+00  0.2225224E+00  0.0000000E+00  0.1884324E-02
    1 -0.1732416E+00  0.2346720E-01 -0.6000000E-01 -0.9909500E+00  0.1342315E+00  0.0000000E+00  0.1884325E-02
    1 -0.1746477E+00  0.7843450E-02 -0.6000000E-01 -0.9989930E+00  0.4486468E-01  0.0000000E+00  0.1884325E-02
    1  0.5985892E+00  0.2688266E-01 -0.1200000E+00  0.0000000E+00  0.0000000E+00  0.1000000E+01  0.8990692E-02
    1  0.4321520E+00  0.1940797E-01 -0.1200000E+00  0.0000000E+00  0.0000000E+00  0.1000000E+01  0.6450668E-02
    1  0.2677380E+00  0.1202414E-01 -0.1200000E+00  0.0000000E+00  0.0000000E+00  0.1000000E+01  0.3910644E-02
    1  0.5937696E+00  0.8043155E-01 -0.1200000E+00  0.0000000E+00  0.0000000E+00  0.1000000E+01  0.8990702E-02
    1  0.4286726E+00  0.5806763E-01 -0.1200000E+00  0.0000000E+00  0.0000000E+00  0.1000000E+01  0.6450664E-02
    1  0.2655823E+00  0.3597558E-01 -0.1200000E+00  0.0000000E+00  0.0000000E+00  0.1000000E+01  0.3910635E-02
    1  0.5841694E+00  0.1333329E+00 -0.1200000E+00  0.0000000E+00  0.0000000E+00  0.1000000E+01  0.8990705E-02
    1  0.4217417E+00  0.9625979E-01 -0.1200000E+00  0.0000000E+00  0.0000000E+00  0.1000000E+01  0.6450676E-02
    1  0.2612883E+00  0.5963735E-01 -0.1200000E+00  0.0000000E+00  0.0000000E+00  0.1000000E+01  0.3910633E-02
    1  0.5698659E+00  0.1851607E+00 -0.1200000E+00  0.0000000E+00  0.0000000E+00  0.1000000E+01  0.8990693E-02
    1  0.4114152E+00  0.1336769E+00 -0.1200000E+00  0.0000000E+00  0.0000000E+00  0.1000000E+01  0.6450669E-02
    1  0.2548906E+00  0.8281895E-01 -0.1200000E+00  0.0000000E+00  0.0000000E+00  0.1000000E+01  0.3910644E-02
    1  0.5509741E+00  0.2354977E+00 -0.1200000E+00  0.0000000E+00  0.0000000E+00  0.1000000E+01  0.8990692E-02
    1  0.3977763E+00  0.1700177E+00 -0.1200000E+00  0.0000000E+00  0.0000000E+00  0.1000000E+01  0.6450659E-02
    1  0.2464407E+00  0.1053338E+00 -0.1200000E+00  0.0000000E+00  0.0000000E+00  0.1000000E+01  0.3910625E-02
    1  0.5276462E+00  0.2839385E+00 -0.1200000E+00  0.0000000E+00  0.0000000E+00  0.1000000E+01  0.8990707E-02
    1  0.3809347E+00  0.2049897E+00 -0.1200000E+00  0.0000000E+00  0.0000000E+00  0.1000000E+01  0.6450677E-02
    1  0.2360065E+00  0.1270005E+00 -0.1200000E+00  0.0000000E+00  0.0000000E+00  0.1000000E+01  0.3910653E-02
    1  0.5000701E+00  0.3300934E+00 -0.1200000E+00  0.0000000E+00  0.0000000E+00  0.1000000E+01  0.8990689E-02
    1  0.3610260E+00  0.2383112E+00 -0.1200000E+00  0.0000000E+00  0.0000000E+00  0.1000000E+01  0.6450659E-02
    1  0.2236722E+00  0.1476447E+00 -0.1200000E+00  0.0000000E+00  0.0000000E+00  0.1000000E+01  0.3910635E-02
    1  0.4684675E+00  0.3735904E+00 -0.1200000E+00  0.0000000E+00  0.0000000E+00  0.1000000E+01  0.8990701E-02
    1  0.3382106E+00  0.2697139E+00 -0.1200000E+00  0.0000000E+00  0.0000000E+00  0.1000000E+01  0.6450677E-02
    1  0.2095370E+00  0.1671002E+00 -0.1200000E+00  0.0000000E+00  0.0000000E+00  0.1000000E+01  0.3910650E-02
    1  0.4330933E+00  0.4140795E+00 -0.1200000E+00  0.0000000E+00  0.0000000E+00  0.1000000E+01  0.8990699E-02
    1  0.3126721E+00  0.2989452E+00 -0.1200000E+00  0.0000000E+00  0.0000000E+00  0.1000000E+01  0.6450664E-02
    1  0.1937147E+00  0.1852102E+00 -0.1200000E+00  0.0000000E+00  0.0000000E+00  0.1000000E+01  0.3910631E-02
    1  0.3942320E+00  0.4512348E+00 -0.1200000E+00  0.0000000E+00  0.0000000E+00  0.1000000E+01  0.8990695E-02
    1  0.2846161E+00  0.3257693E+00 -0.1200000E+00  0.0000000E+00  0.0000000E+00  0.1000000E+01  0.6450669E-02
    1  0.1763327E+00  0.2018290E+00 -0.1200000E+00  0.0000000E+00  0.0000000E+00  0.1000000E+01  0.3910645E-02
    1  0.3521965E+00  0.4847568E+00 -0.1200000E+00  0.0000000E+00  0.0000000E+00  0.1000000E+01  0.8990705E-02
    1  0.2542686E+00  0.3499707E+00 -0.1200000E+00  0.0000000E+00  0.0000000E+00  0.1000000E+01  0.6450670E-02
    1  0.1575311E+00  0.2168229E+00 -0.1200000E+00  0.0000000E+00  0.0000000E+00  0.1000000E+01  0.3910634E-02
    1  0.3073254E+00  0.5143761E+00 -0.1200000E+00  0.0000000E+00  0.0000000E+00  0.1000000E+01  0.8990698E-02
    1  0.2218739E+00  0.3713543E+00 -0.1200000E+00  0.0000000E+00  0.0000000E+00  0.1000000E+01  0.6450670E-02
    1  0.1374610E+00  0.2300710E+00 -0.1200000E+00  0.0000000E+00  0.0000000E+00  0.1000000E+01  0.3910644E-02
    1  0.2599799E+00  0.5398538E+00 -0.1200000E+00  0.0000000E+00  0.0000000E+00  0.1000000E+01  0.8990699E-02
    1  0.1876927E+00  0.3897480E+00 -0.1200000E+00  0.0000000E+00  0.0000000E+00  0.1000000E+01  0.6450670E-02
    1  0.1162843E+00  0.2414667E+00 -0.1200000E+00  0.0000000E+00  0.0000000E+00  0.1000000E+01  0.3910642E-02
    1  0.2105412E+00  0.5609848E+00 -0.1200000E+00  0.0000000E+00  0.0000000E+00  0.1000000E+01  0.8990690E-02
    1  0.1520004E+00  0.4050036E+00 -0.1200000E+00  0.0000000E+00  0.0000000E+00  0.1000000E+01  0.6450667E-02
    1  0.9417123E-01  0.2509183E+00 -0.1200000E+00  0.0000000E+00  0.0000000E+00  0.1000000E+01  0.3910639E-02
    1  0.1594073E+00  0.5775993E+00 -0.1200000E+00  0.0000000E+00  0.0000000E+00  0.1000000E+01  0.8990710E-02
    1  0.1150842E+00  0.4169984E+00 -0.1200000E+00  0.0000000E+00  0.0000000E+00  0.1000000E+01  0.6450674E-02
    1  0.7129995E-01  0.2583496E+00 -0.1200000E+00  0.0000000E+00  0.0000000E+00  0.1000000E+01  0.3910641E-02
    1  0.1069899E+00  0.5895633E+00 -0.1200000E+00  0.0000000E+00  0.0000000E+00  0.1000000E+01  0.8990692E-02
    1  0.7724149E-01  0.4256358E+00 -0.1200000E+00  0.0000000E+00  0.0000000E+00  0.1000000E+01  0.6450655E-02
    1  0.4785463E-01  0.2637008E+00 -0.1200000E+00  0.0000000E+00  0.0000000E+00  0.1000000E+01  0.3910636E-02
    1  0.5371119E-01  0.5967803E+00 -0.1200000E+00  0.0000000E+00  0.0000000E+00  0.1000000E+01  0.8990699E-02
    1  0.3877686E-01  0.4308462E+00 -0.1200000E+00  0.0000000E+00  0.0000000E+00  0.1000000E+01  0.6450676E-02
    1  0.2402404E-01  0.2669289E+00 -0.1200000E+00  0.0000000E+00  0.0000000E+00  0.1000000E+01  0.3910646E-02
    1  0.0000000E+00  0.5991926E+00 -0.1200000E+00  0.0000000E+00  0.0000000E+00  0.1000000E+01  0.8990694E-02
    1  0.0000000E+00  0.4325876E+00 -0.1200000E+00  0.0000000E+00  0.0000000E+00  0.1000000E+01  0.6450662E-02
    1 -0.1164153E-09  0.2680079E+00 -0.1200000E+00  0.0000000E+00  0.0000000E+00  0.1000000E+01  0.3910634E-02
    1 -0.5371119E-01  0.5967803E+00 -0.1200000E+00  0.0000000E+00  0.0000000E+00  0.1000000E+01  0.8990699E-02
    1 -0.3877686E-01  0.4308462E+00 -0.1200000E+00  0.0000000E+00  0.0000000E+00  0.1000000E+01  0.6450676E-02
    1 -0.2402404E-01  0.2669290E+00 -0.1200000E+00  0.0000000E+00  0.0000000E+00  0.1000000E+01  0.3910646E-02
    1 -0.1069899E+00  0.5895631E+00 -0.1200000E+00  0.0000000E+00  0.0000000E+00  0.1000000E+01  0.8990693E-02
    1 -0.7724150E-01  0.4256358E+00 -0.1200000E+00  0.0000000E+00  0.0000000E+00  0.1000000E+01  0.6450654E-02
    1 -0.4785463E-01  0.2637008E+00 -0.1200000E+00  0.0000000E+00  0.0000000E+00  0.1000000E+01  0.3910636E-02
    1 -0.1594073E+00  0.5775992E+00 -0.1200000E+00  0.0000000E+00  0.0000000E+00  0.1000000E+01  0.8990711E-02
    1 -0.1150842E+00  0.4169984E+00 -0.1200000E+00  0.0000000E+00  0.0000000E+00  0.1000000E+01  0.6450674E-02
    1 -0.7129996E-01  0.2583496E+00 -0.1200000E+00  0.0000000E+00  0.0000000E+00  0.1000000E+01  0.3910641E-02
    1 -0.2105412E+00  0.5609848E+00 -0.1200000E+00  0.0000000E+00  0.0000000E+00  0.1000000E+01  0.8990690E-02
    1 -0.1520004E+00  0.4050036E+00 -0.1200000E+00  0.0000000E+00  0.0000000E+00  0.1000000E+01  0.6450667E-02
    1 -0.9417121E-01  0.2509183E+00 -0.1200000E+00  0.0000000E+00  0.0000000E+00  0.1000000E+01  0.3910639E-02
    1 -0.2599798E+00  0.5398538E+00 -0.1200000E+00  0.0000000E+00  0.0000000E+00  0.1000000E+01  0.8990699E-02
    1 -0.1876927E+00  0.3897479E+00 -0.1200000E+00  0.0000000E+00  0.0000000E+00  0.1000000E+01  0.6450670E-02
    1 -0.1162842E+00  0.2414667E+00 -0.1200000E+00  0.0000000E+00  0.0000000E+00  0.1000000E+01  0.3910642E-02
    1 -0.3073254E+00  0.5143761E+00 -0.1200000E+00  0.0000000E+00  0.0000000E+00  0.1000000E+01  0.8990698E-02
    1 -0.2218738E+00  0.3713543E+00 -0.1200000E+00  0.0000000E+00  0.0000000E+00  0.1000000E+01  0.6450670E-02
    1 -0.1374610E+00  0.2300710E+00 -0.1200000E+00  0.0000000E+00  0.0000000E+00  0.1000000E+01  0.3910644E-02
    1 -0.3521965E+00  0.4847569E+00 -0.1200000E+00  0.0000000E+00  0.0000000E+00  0.1000000E+01  0.8990704E-02
    1 -0.2542686E+00  0.3499707E+00 -0.1200000E+00  0.0000000E+00  0.0000000E+00  0.1000000E+01  0.6450669E-02
    1 -0.1575311E+00  0.2168229E+00 -0.1200000E+00  0.0000000E+00  0.0000000E+00  0.1000000E+01  0.3910634E-02
    1 -0.3942320E+00  0.4512347E+00 -0.1200000E+00  0.0000000E+00  0.0000000E+00  0.1000000E+01  0.8990696E-02
    1 -0.2846161E+00  0.3257694E+00 -0.1200000E+00  0.0000000E+00  0.0000000E+00  0.1000000E+01  0.6450669E-02
    1 -0.1763327E+00  0.2018290E+00 -0.1200000E+00  0.0000000E+00  0.0000000E+00  0.1000000E+01  0.3910645E-02
    1 -0.4330932E+00  0.4140795E+00 -0.1200000E+00  0.0000000E+00  0.0000000E+00  0.1000000E+01  0.8990699E-02
    1 -0.3126721E+00  0.2989451E+00 -0.1200000E+00  0.0000000E+00  0.0000000E+00  0.1000000E+01  0.6450664E-02
    1 -0.1937147E+00  0.1852102E+00 -0.1200000E+00  0.0000000E+00  0.0000000E+00  0.1000000E+01  0.3910630E-02
    1 -0.4684676E+00  0.3735904E+00 -0.1200000E+00  0.0000000E+00  0.0000000E+00  0.1000000E+01  0.8990701E-02
    1 -0.3382106E+00  0.2697140E+00 -0.1200000E+00  0.0000000E+00  0.0000000E+00  0.1000000E+01  0.6450677E-02
    1 -0.2095370E+00  0.1671002E+00 -0.1200000E+00  0.0000000E+00  0.0000000E+00  0.1000000E+01  0.3910650E-02
    1 -0.5000700E+00  0.3300934E+00 -0.1200000E+00  0.0000000E+00  0.0000000E+00  0.1000000E+01  0.8990688E-02
    1 -0.3610260E+00  0.2383112E+00 -0.1200000E+00  0.0000000E+00  0.0000000E+00  0.1000000E+01  0.6450659E-02
    1 -0.2236722E+00  0.1476447E+00 -0.1200000E+00  0.0000000E+00  0.0000000E+00  0.1000000E+01  0.3910635E-02
    1 -0.5276462E+00  0.2839385E+00 -0.1200000E+00  0.0000000E+00  0.0000000E+00  0.1000000E+01  0.8990707E-02
    1 -0.3809347E+00  0.2049897E+00 -0.1200000E+00  0.0000000E+00  0.0000000E+00  0.1000000E+01  0.6450677E-02
    1 -0.2360064E+00  0.1270005E+00 -0.1200000E+00  0.0000000E+00  0.0000000E+00  0.1000000E+01  0.3910653E-02
    1 -0.5509742E+00  0.2354977E+00 -0.1200000E+00  0.0000000E+00  0.0000000E+00  0.1000000E+01  0.8990691E-02
    1 -0.3977763E+00  0.1700177E+00 -0.1200000E+00  0.0000000E+00  0.0000000E+00  0.1000000E+01  0.6450658E-02
    1 -0.2464407E+00  0.1053338E+00 -0.1200000E+00  0.0000000E+00  0.0000000E+00  0.1000000E+01  0.3910625E-02
    1 -0.5698659E+00  0.1851607E+00 -0.1200000E+00  0.0000000E+00  0.0000000E+00  0.1000000E+01  0.8990693E-02
    1 -0.4114152E+00  0.1336769E+00 -0.1200000E+00  0.0000000E+00  0.0000000E+00  0.1000000E+01  0.6450670E-02
    1 -0.2548905E+00  0.8281896E-01 -0.1200000E+00  0.0000000E+00  0.0000000E+00  0.1000000E+01  0.3910644E-02
    1 -0.5841695E+00  0.1333329E+00 -0.1200000E+00  0.0000000E+00  0.0000000E+00  0.1000000E+01  0.8990704E-02
    1 -0.4217417E+00  0.9625979E-01 -0.1200000E+00  0.0000000E+00  0.0000000E+00  0.1000000E+01  0.6450677E-02
    1 -0.2612883E+00  0.5963735E-01 -0.1200000E+00  0.0000000E+00  0.0000000E+00  0.1000000E+01  0.3910633E-02
    1 -0.5937697E+00  0.8043154E-01 -0.1200000E+00  0.0000000E+00  0.0000000E+00  0.1000000E+01  0.8990701E-02
    1 -0.4286726E+00  0.5806763E-01 -0.1200000E+00  0.0000000E+00  0.0000000E+00  0.1000000E+01  0.6450664E-02
    1 -0.2655822E+00  0.3597557E-01 -0.1200000E+00  0.0000000E+00  0.0000000E+00  0.1000000E+01  0.3910635E-02
    1 -0.5985891E+00  0.2688266E-01 -0.1200000E+00  0.0000000E+00  0.0000000E+00  0.1000000E+01  0.8990693E-02
    1 -0.4321520E+00  0.1940796E-01 -0.1200000E+00  0.0000000E+00  0.0000000E+00  0.1000000E+01  0.6450668E-02
    1 -0.2677380E+00  0.1202414E-01 -0.1200000E+00  0.0000000E+00  0.0000000E+00  0.1000000E+01  0.3910644E-02
    1  0.6786312E+00  0.3047735E-01 -0.1205000E+00  0.9989930E+00  0.4486554E-01  0.0000000E+00  0.6101627E-04
    1  0.6731673E+00  0.9118670E-01 -0.1205000E+00  0.9909497E+00  0.1342331E+00  0.0000000E+00  0.6101633E-04
    1  0.6622834E+00  0.1511619E+00 -0.1205000E+00  0.9749278E+00  0.2225212E+00  0.0000000E+00  0.6101633E-04
    1  0.6460673E+00  0.2099200E+00 -0.1205000E+00  0.9510568E+00  0.3090163E+00  0.0000000E+00  0.6101625E-04
    1  0.6246493E+00  0.2669879E+00 -0.1205000E+00  0.9195274E+00  0.3930258E+00  0.0000000E+00  0.6101625E-04
    1  0.5982020E+00  0.3219062E+00 -0.1205000E+00  0.8805959E+00  0.4738679E+00  0.0000000E+00  0.6101632E-04
    1  0.5669384E+00  0.3742328E+00 -0.1205000E+00  0.8345738E+00  0.5508961E+00  0.0000000E+00  0.6101628E-04
    1  0.5311102E+00  0.4235461E+00 -0.1205000E+00  0.7818307E+00  0.6234908E+00  0.0000000E+00  0.6101629E-04
    1  0.4910056E+00  0.4694494E+00 -0.1205000E+00  0.7227951E+00  0.6910625E+00  0.0000000E+00  0.6101630E-04
    1  0.4469479E+00  0.5115730E+00 -0.1205000E+00  0.6579393E+00  0.7530710E+00  0.0000000E+00  0.6101627E-04
    1  0.3992915E+00  0.5495776E+00 -0.1205000E+00  0.5877838E+00  0.8090180E+00  0.0000000E+00  0.6101635E-04
    1  0.3484203E+00  0.5831574E+00 -0.1205000E+00  0.5129008E+00  0.8584479E+00  0.0000000E+00  0.6101628E-04
    1  0.2947439E+00  0.6120420E+00 -0.1205000E+00  0.4338830E+00  0.9009693E+00  0.0000000E+00  0.6101629E-04
    1  0.2386943E+00  0.6359987E+00 -0.1205000E+00  0.3513744E+00  0.9362350E+00  0.0000000E+00  0.6101622E-04
    1  0.1807229E+00  0.6548347E+00 -0.1205000E+00  0.2660374E+00  0.9639627E+00  0.0000000E+00  0.6101639E-04
    1  0.1212964E+00  0.6683984E+00 -0.1205000E+00  0.1785566E+00  0.9839297E+00  0.0000000E+00  0.6101628E-04
    1  0.6089335E-01  0.6765805E+00 -0.1205000E+00  0.8964024E-01  0.9959742E+00  0.0000000E+00  0.6101626E-04
    1  0.0000000E+00  0.6793153E+00 -0.1205000E+00  0.0000000E+00  0.1000000E+01  0.0000000E+00  0.6101632E-04
    1 -0.6089335E-01  0.6765806E+00 -0.1205000E+00 -0.8964024E-01  0.9959742E+00  0.0000000E+00  0.6101626E-04
    1 -0.1212964E+00  0.6683984E+00 -0.1205000E+00 -0.1785566E+00  0.9839297E+00  0.0000000E+00  0.6101628E-04
    1 -0.1807229E+00  0.6548347E+00 -0.1205000E+00 -0.2660374E+00  0.9639627E+00  0.0000000E+00  0.6101639E-04
    1 -0.2386943E+00  0.6359987E+00 -0.1205000E+00 -0.3513744E+00  0.9362350E+00  0.0000000E+00  0.6101622E-04
    1 -0.2947438E+00  0.6120420E+00 -0.1205000E+00 -0.4338830E+00  0.9009693E+00  0.0000000E+00  0.6101629E-04
    1 -0.3484203E+00  0.5831574E+00 -0.1205000E+00 -0.5129008E+00  0.8584479E+00  0.0000000E+00  0.6101628E-04
    1 -0.3992915E+00  0.5495776E+00 -0.1205000E+00 -0.5877838E+00  0.8090180E+00  0.0000000E+00  0.6101635E-04
    1 -0.4469479E+00  0.5115730E+00 -0.1205000E+00 -0.6579393E+00  0.7530710E+00  0.0000000E+00  0.6101627E-04
    1 -0.4910056E+00  0.4694494E+00 -0.1205000E+00 -0.7227951E+00  0.6910625E+00  0.0000000E+00  0.6101630E-04
    1 -0.5311102E+00  0.4235462E+00 -0.1205000E+00 -0.7818307E+00  0.6234908E+00  0.0000000E+00  0.6101629E-04
    1 -0.5669384E+00  0.3742328E+00 -0.1205000E+00 -0.8345738E+00  0.5508961E+00  0.0000000E+00  0.6101628E-04
    1 -0.5982020E+00  0.3219062E+00 -0.1205000E+00 -0.8805959E+00  0.4738679E+00  0.0000000E+00  0.6101632E-04
    1 -0.6246493E+00  0.2669879E+00 -0.1205000E+00 -0.9195274E+00  0.3930258E+00  0.0000000E+00  0.6101625E-04
    1 -0.6460673E+00  0.2099200E+00 -0.1205000E+00 -0.9510568E+00  0.3090163E+00  0.0000000E+00  0.6101625E-04
    1 -0.6622834E+00  0.1511619E+00 -0.1205000E+00 -0.9749278E+00  0.2225212E+00  0.0000000E+00  0.6101633E-04
    1 -0.6731673E+00  0.9118670E-01 -0.1205000E+00 -0.9909497E+00  0.1342331E+00  0.0000000E+00  0.6101633E-04
    1 -0.6786312E+00  0.3047735E-01 -0.1205000E+00 -0.9989930E+00  0.4486554E-01  0.0000000E+00  0.6101627E-04
    1  0.9048416E-01  0.4063633E-02 -0.1210000E+00  0.0000000E+00  0.0000000E+00 -0.1000000E+01  0.8289812E-03
    1  0.2111298E+00  0.9481841E-02 -0.1210000E+00  0.0000000E+00  0.0000000E+00 -0.1000000E+01  0.2486951E-02
    1  0.3438398E+00  0.1544186E-01 -0.1210000E+00  0.0000000E+00  0.0000000E+00 -0.1000000E+01  0.4144919E-02
    1  0.4782735E+00  0.2147928E-01 -0.1210000E+00  0.0000000E+00  0.0000000E+00 -0.1000000E+01  0.5802889E-02
    1  0.6132816E+00  0.2754251E-01 -0.1210000E+00  0.0000000E+00  0.0000000E+00 -0.1000000E+01  0.7460858E-02
    1  0.8975564E-01  0.1215820E-01 -0.1210000E+00  0.0000000E+00  0.0000000E+00 -0.1000000E+01  0.8289849E-03
    1  0.2094298E+00  0.2836919E-01 -0.1210000E+00  0.0000000E+00  0.0000000E+00 -0.1000000E+01  0.2486955E-02
    1  0.3410714E+00  0.4620126E-01 -0.1210000E+00  0.0000000E+00  0.0000000E+00 -0.1000000E+01  0.4144926E-02
    1  0.4744226E+00  0.6426492E-01 -0.1210000E+00  0.0000000E+00  0.0000000E+00 -0.1000000E+01  0.5802896E-02
    1  0.6083438E+00  0.8240578E-01 -0.1210000E+00  0.0000000E+00  0.0000000E+00 -0.1000000E+01  0.7460862E-02
    1  0.8830443E-01  0.2015490E-01 -0.1210000E+00  0.0000000E+00  0.0000000E+00 -0.1000000E+01  0.8289861E-03
    1  0.2060437E+00  0.4702812E-01 -0.1210000E+00  0.0000000E+00  0.0000000E+00 -0.1000000E+01  0.2486951E-02
    1  0.3355570E+00  0.7658871E-01 -0.1210000E+00  0.0000000E+00  0.0000000E+00 -0.1000000E+01  0.4144921E-02
    1  0.4667521E+00  0.1065332E+00 -0.1210000E+00  0.0000000E+00  0.0000000E+00 -0.1000000E+01  0.5802898E-02
    1  0.5985080E+00  0.1366056E+00 -0.1210000E+00  0.0000000E+00  0.0000000E+00 -0.1000000E+01  0.7460859E-02
    1  0.8614226E-01  0.2798933E-01 -0.1210000E+00  0.0000000E+00  0.0000000E+00 -0.1000000E+01  0.8289861E-03
    1  0.2009987E+00  0.6530845E-01 -0.1210000E+00  0.0000000E+00  0.0000000E+00 -0.1000000E+01  0.2486960E-02
    1  0.3273407E+00  0.1063595E+00 -0.1210000E+00  0.0000000E+00  0.0000000E+00 -0.1000000E+01  0.4144919E-02
    1  0.4553236E+00  0.1479436E+00 -0.1210000E+00  0.0000000E+00  0.0000000E+00 -0.1000000E+01  0.5802882E-02
    1  0.5838534E+00  0.1897055E+00 -0.1210000E+00  0.0000000E+00  0.0000000E+00 -0.1000000E+01  0.7460849E-02
    1  0.8328658E-01  0.3559840E-01 -0.1210000E+00  0.0000000E+00  0.0000000E+00 -0.1000000E+01  0.8289816E-03
    1  0.1943354E+00  0.8306295E-01 -0.1210000E+00  0.0000000E+00  0.0000000E+00 -0.1000000E+01  0.2486950E-02
    1  0.3164889E+00  0.1352739E+00 -0.1210000E+00  0.0000000E+00  0.0000000E+00 -0.1000000E+01  0.4144917E-02
    1  0.4402290E+00  0.1881629E+00 -0.1210000E+00  0.0000000E+00  0.0000000E+00 -0.1000000E+01  0.5802887E-02
    1  0.5644979E+00  0.2412780E+00 -0.1210000E+00  0.0000000E+00  0.0000000E+00 -0.1000000E+01  0.7460856E-02
    1  0.7976027E-01  0.4292084E-01 -0.1210000E+00  0.0000000E+00  0.0000000E+00 -0.1000000E+01  0.8289859E-03
    1  0.1861072E+00  0.1001486E+00 -0.1210000E+00  0.0000000E+00  0.0000000E+00 -0.1000000E+01  0.2486951E-02
    1  0.3030890E+00  0.1630992E+00 -0.1210000E+00  0.0000000E+00  0.0000000E+00 -0.1000000E+01  0.4144921E-02
    1  0.4215899E+00  0.2268672E+00 -0.1210000E+00  0.0000000E+00  0.0000000E+00 -0.1000000E+01  0.5802894E-02
    1  0.5405974E+00  0.2909078E+00 -0.1210000E+00  0.0000000E+00  0.0000000E+00 -0.1000000E+01  0.7460865E-02
    1  0.7559177E-01  0.4989770E-01 -0.1210000E+00  0.0000000E+00  0.0000000E+00 -0.1000000E+01  0.8289836E-03
    1  0.1763808E+00  0.1164280E+00 -0.1210000E+00  0.0000000E+00  0.0000000E+00 -0.1000000E+01  0.2486955E-02
    1  0.2872488E+00  0.1896113E+00 -0.1210000E+00  0.0000000E+00  0.0000000E+00 -0.1000000E+01  0.4144924E-02
    1  0.3995566E+00  0.2637450E+00 -0.1210000E+00  0.0000000E+00  0.0000000E+00 -0.1000000E+01  0.5802887E-02
    1  0.5123444E+00  0.3381956E+00 -0.1210000E+00  0.0000000E+00  0.0000000E+00 -0.1000000E+01  0.7460857E-02
    1  0.7081467E-01  0.5647283E-01 -0.1210000E+00  0.0000000E+00  0.0000000E+00 -0.1000000E+01  0.8289862E-03
    1  0.1652342E+00  0.1317699E+00 -0.1210000E+00  0.0000000E+00  0.0000000E+00 -0.1000000E+01  0.2486953E-02
    1  0.2690958E+00  0.2145967E+00 -0.1210000E+00  0.0000000E+00  0.0000000E+00 -0.1000000E+01  0.4144921E-02
    1  0.3743062E+00  0.2984992E+00 -0.1210000E+00  0.0000000E+00  0.0000000E+00 -0.1000000E+01  0.5802884E-02
    1  0.4799662E+00  0.3827602E+00 -0.1210000E+00  0.0000000E+00  0.0000000E+00 -0.1000000E+01  0.7460856E-02
    1  0.6546740E-01  0.6259327E-01 -0.1210000E+00  0.0000000E+00  0.0000000E+00 -0.1000000E+01  0.8289826E-03
    1  0.1527573E+00  0.1460509E+00 -0.1210000E+00  0.0000000E+00  0.0000000E+00 -0.1000000E+01  0.2486953E-02
    1  0.2487762E+00  0.2378544E+00 -0.1210000E+00  0.0000000E+00  0.0000000E+00 -0.1000000E+01  0.4144926E-02
    1  0.3460421E+00  0.3308501E+00 -0.1210000E+00  0.0000000E+00  0.0000000E+00 -0.1000000E+01  0.5802892E-02
    1  0.4437236E+00  0.4242432E+00 -0.1210000E+00  0.0000000E+00  0.0000000E+00 -0.1000000E+01  0.7460864E-02
    1  0.5959303E-01  0.6820974E-01 -0.1210000E+00  0.0000000E+00  0.0000000E+00 -0.1000000E+01  0.8289846E-03
    1  0.1390504E+00  0.1591560E+00 -0.1210000E+00  0.0000000E+00  0.0000000E+00 -0.1000000E+01  0.2486950E-02
    1  0.2264537E+00  0.2591970E+00 -0.1210000E+00  0.0000000E+00  0.0000000E+00 -0.1000000E+01  0.4144921E-02
    1  0.3149918E+00  0.3605371E+00 -0.1210000E+00  0.0000000E+00  0.0000000E+00 -0.1000000E+01  0.5802888E-02
    1  0.4039085E+00  0.4623104E+00 -0.1210000E+00  0.0000000E+00  0.0000000E+00 -0.1000000E+01  0.7460855E-02
    1  0.5323887E-01  0.7327704E-01 -0.1210000E+00  0.0000000E+00  0.0000000E+00 -0.1000000E+01  0.8289841E-03
    1  0.1242241E+00  0.1709797E+00 -0.1210000E+00  0.0000000E+00  0.0000000E+00 -0.1000000E+01  0.2486953E-02
    1  0.2023077E+00  0.2784527E+00 -0.1210000E+00  0.0000000E+00  0.0000000E+00 -0.1000000E+01  0.4144926E-02
    1  0.2814054E+00  0.3873214E+00 -0.1210000E+00  0.0000000E+00  0.0000000E+00 -0.1000000E+01  0.5802898E-02
    1  0.3608412E+00  0.4966553E+00 -0.1210000E+00  0.0000000E+00  0.0000000E+00 -0.1000000E+01  0.7460869E-02
    1  0.4645604E-01  0.7775433E-01 -0.1210000E+00  0.0000000E+00  0.0000000E+00 -0.1000000E+01  0.8289862E-03
    1  0.1083974E+00  0.1814267E+00 -0.1210000E+00  0.0000000E+00  0.0000000E+00 -0.1000000E+01  0.2486956E-02
    1  0.1765330E+00  0.2954664E+00 -0.1210000E+00  0.0000000E+00  0.0000000E+00 -0.1000000E+01  0.4144920E-02
    1  0.2455533E+00  0.4109871E+00 -0.1210000E+00  0.0000000E+00  0.0000000E+00 -0.1000000E+01  0.5802888E-02
    1  0.3148687E+00  0.5270016E+00 -0.1210000E+00  0.0000000E+00  0.0000000E+00 -0.1000000E+01  0.7460862E-02
    1  0.3929917E-01  0.8160561E-01 -0.1210000E+00  0.0000000E+00  0.0000000E+00 -0.1000000E+01  0.8289829E-03
    1  0.9169811E-01  0.1904131E+00 -0.1210000E+00  0.0000000E+00  0.0000000E+00 -0.1000000E+01  0.2486955E-02
    1  0.1493369E+00  0.3101013E+00 -0.1210000E+00  0.0000000E+00  0.0000000E+00 -0.1000000E+01  0.4144922E-02
    1  0.2077242E+00  0.4313438E+00 -0.1210000E+00  0.0000000E+00  0.0000000E+00 -0.1000000E+01  0.5802885E-02
    1  0.2663611E+00  0.5531046E+00 -0.1210000E+00  0.0000000E+00  0.0000000E+00 -0.1000000E+01  0.7460857E-02
    1  0.3182590E-01  0.8479985E-01 -0.1210000E+00  0.0000000E+00  0.0000000E+00 -0.1000000E+01  0.8289847E-03
    1  0.7426044E-01  0.1978662E+00 -0.1210000E+00  0.0000000E+00  0.0000000E+00 -0.1000000E+01  0.2486950E-02
    1  0.1209384E+00  0.3222393E+00 -0.1210000E+00  0.0000000E+00  0.0000000E+00 -0.1000000E+01  0.4144914E-02
    1  0.1682227E+00  0.4482276E+00 -0.1210000E+00  0.0000000E+00  0.0000000E+00 -0.1000000E+01  0.5802879E-02
    1  0.2157089E+00  0.5747544E+00 -0.1210000E+00  0.0000000E+00  0.0000000E+00 -0.1000000E+01  0.7460848E-02
    1  0.2409637E-01  0.8731131E-01 -0.1210000E+00  0.0000000E+00  0.0000000E+00 -0.1000000E+01  0.8289866E-03
    1  0.5622488E-01  0.2037263E+00 -0.1210000E+00  0.0000000E+00  0.0000000E+00 -0.1000000E+01  0.2486954E-02
    1  0.9156628E-01  0.3317829E+00 -0.1210000E+00  0.0000000E+00  0.0000000E+00 -0.1000000E+01  0.4144930E-02
    1  0.1273666E+00  0.4615026E+00 -0.1210000E+00  0.0000000E+00  0.0000000E+00 -0.1000000E+01  0.5802903E-02
    1  0.1633200E+00  0.5917765E+00 -0.1210000E+00  0.0000000E+00  0.0000000E+00 -0.1000000E+01  0.7460869E-02
    1  0.1617283E-01  0.8911981E-01 -0.1210000E+00  0.0000000E+00  0.0000000E+00 -0.1000000E+01  0.8289832E-03
    1  0.3773665E-01  0.2079462E+00 -0.1210000E+00  0.0000000E+00  0.0000000E+00 -0.1000000E+01  0.2486955E-02
    1  0.6145683E-01  0.3386552E+00 -0.1210000E+00  0.0000000E+00  0.0000000E+00 -0.1000000E+01  0.4144921E-02
    1  0.8548512E-01  0.4710618E+00 -0.1210000E+00  0.0000000E+00  0.0000000E+00 -0.1000000E+01  0.5802886E-02
    1  0.1096160E+00  0.6040342E+00 -0.1210000E+00  0.0000000E+00  0.0000000E+00 -0.1000000E+01  0.7460857E-02
    1  0.8119101E-02  0.9021077E-01 -0.1210000E+00  0.0000000E+00  0.0000000E+00 -0.1000000E+01  0.8289841E-03
    1  0.1894457E-01  0.2104917E+00 -0.1210000E+00  0.0000000E+00  0.0000000E+00 -0.1000000E+01  0.2486951E-02
    1  0.3085263E-01  0.3428008E+00 -0.1210000E+00  0.0000000E+00  0.0000000E+00 -0.1000000E+01  0.4144921E-02
    1  0.4291534E-01  0.4768283E+00 -0.1210000E+00  0.0000000E+00  0.0000000E+00 -0.1000000E+01  0.5802889E-02
    1  0.5502956E-01  0.6114284E+00 -0.1210000E+00  0.0000000E+00  0.0000000E+00 -0.1000000E+01  0.7460853E-02
    1  0.0000000E+00  0.9057540E-01 -0.1210000E+00  0.0000000E+00  0.0000000E+00 -0.1000000E+01  0.8289823E-03
    1  0.0000000E+00  0.2113426E+00 -0.1210000E+00  0.0000000E+00  0.0000000E+00 -0.1000000E+01  0.2486945E-02
    1  0.0000000E+00  0.3441865E+00 -0.1210000E+00  0.0000000E+00  0.0000000E+00 -0.1000000E+01  0.4144911E-02
    1  0.0000000E+00  0.4787557E+00 -0.1210000E+00  0.0000000E+00  0.0000000E+00 -0.1000000E+01  0.5802891E-02
    1 -0.9313226E-09  0.6138998E+00 -0.1210000E+00  0.0000000E+00  0.0000000E+00 -0.1000000E+01  0.7460862E-02
    1 -0.8119101E-02  0.9021077E-01 -0.1210000E+00  0.0000000E+00  0.0000000E+00 -0.1000000E+01  0.8289840E-03
    1 -0.1894457E-01  0.2104917E+00 -0.1210000E+00  0.0000000E+00  0.0000000E+00 -0.1000000E+01  0.2486950E-02
    1 -0.3085261E-01  0.3428009E+00 -0.1210000E+00  0.0000000E+00  0.0000000E+00 -0.1000000E+01  0.4144927E-02
    1 -0.4291531E-01  0.4768282E+00 -0.1210000E+00  0.0000000E+00  0.0000000E+00 -0.1000000E+01  0.5802896E-02
    1 -0.5502956E-01  0.6114284E+00 -0.1210000E+00  0.0000000E+00  0.0000000E+00 -0.1000000E+01  0.7460853E-02
    1 -0.1617283E-01  0.8911981E-01 -0.1210000E+00  0.0000000E+00  0.0000000E+00 -0.1000000E+01  0.8289832E-03
    1 -0.3773665E-01  0.2079462E+00 -0.1210000E+00  0.0000000E+00  0.0000000E+00 -0.1000000E+01  0.2486955E-02
    1 -0.6145684E-01  0.3386551E+00 -0.1210000E+00  0.0000000E+00  0.0000000E+00 -0.1000000E+01  0.4144921E-02
    1 -0.8548511E-01  0.4710618E+00 -0.1210000E+00  0.0000000E+00  0.0000000E+00 -0.1000000E+01  0.5802887E-02
    1 -0.1096160E+00  0.6040342E+00 -0.1210000E+00  0.0000000E+00  0.0000000E+00 -0.1000000E+01  0.7460856E-02
    1 -0.2409637E-01  0.8731131E-01 -0.1210000E+00  0.0000000E+00  0.0000000E+00 -0.1000000E+01  0.8289865E-03
    1 -0.5622488E-01  0.2037263E+00 -0.1210000E+00  0.0000000E+00  0.0000000E+00 -0.1000000E+01  0.2486954E-02
    1 -0.9156628E-01  0.3317829E+00 -0.1210000E+00  0.0000000E+00  0.0000000E+00 -0.1000000E+01  0.4144930E-02
    1 -0.1273666E+00  0.4615026E+00 -0.1210000E+00  0.0000000E+00  0.0000000E+00 -0.1000000E+01  0.5802903E-02
    1 -0.1633200E+00  0.5917765E+00 -0.1210000E+00  0.0000000E+00  0.0000000E+00 -0.1000000E+01  0.7460869E-02
    1 -0.3182590E-01  0.8479985E-01 -0.1210000E+00  0.0000000E+00  0.0000000E+00 -0.1000000E+01  0.8289847E-03
    1 -0.7426043E-01  0.1978662E+00 -0.1210000E+00  0.0000000E+00  0.0000000E+00 -0.1000000E+01  0.2486950E-02
    1 -0.1209384E+00  0.3222393E+00 -0.1210000E+00  0.0000000E+00  0.0000000E+00 -0.1000000E+01  0.4144914E-02
    1 -0.1682227E+00  0.4482276E+00 -0.1210000E+00  0.0000000E+00  0.0000000E+00 -0.1000000E+01  0.5802879E-02
    1 -0.2157089E+00  0.5747544E+00 -0.1210000E+00  0.0000000E+00  0.0000000E+00 -0.1000000E+01  0.7460848E-02
    1 -0.3929917E-01  0.8160560E-01 -0.1210000E+00  0.0000000E+00  0.0000000E+00 -0.1000000E+01  0.8289829E-03
    1 -0.9169810E-01  0.1904131E+00 -0.1210000E+00  0.0000000E+00  0.0000000E+00 -0.1000000E+01  0.2486956E-02
    1 -0.1493369E+00  0.3101012E+00 -0.1210000E+00  0.0000000E+00  0.0000000E+00 -0.1000000E+01  0.4144922E-02
    1 -0.2077242E+00  0.4313439E+00 -0.1210000E+00  0.0000000E+00  0.0000000E+00 -0.1000000E+01  0.5802885E-02
    1 -0.2663611E+00  0.5531046E+00 -0.1210000E+00  0.0000000E+00  0.0000000E+00 -0.1000000E+01  0.7460857E-02
    1 -0.4645604E-01  0.7775433E-01 -0.1210000E+00  0.0000000E+00  0.0000000E+00 -0.1000000E+01  0.8289862E-03
    1 -0.1083974E+00  0.1814267E+00 -0.1210000E+00  0.0000000E+00  0.0000000E+00 -0.1000000E+01  0.2486956E-02
    1 -0.1765329E+00  0.2954664E+00 -0.1210000E+00  0.0000000E+00  0.0000000E+00 -0.1000000E+01  0.4144920E-02
    1 -0.2455533E+00  0.4109871E+00 -0.1210000E+00  0.0000000E+00  0.0000000E+00 -0.1000000E+01  0.5802888E-02
    1 -0.3148687E+00  0.5270015E+00 -0.1210000E+00  0.0000000E+00  0.0000000E+00 -0.1000000E+01  0.7460862E-02
    1 -0.5323887E-01  0.7327704E-01 -0.1210000E+00  0.0000000E+00  0.0000000E+00 -0.1000000E+01  0.8289841E-03
    1 -0.1242241E+00  0.1709797E+00 -0.1210000E+00  0.0000000E+00  0.0000000E+00 -0.1000000E+01  0.2486953E-02
    1 -0.2023077E+00  0.2784527E+00 -0.1210000E+00  0.0000000E+00  0.0000000E+00 -0.1000000E+01  0.4144927E-02
    1 -0.2814054E+00  0.3873214E+00 -0.1210000E+00  0.0000000E+00  0.0000000E+00 -0.1000000E+01  0.5802898E-02
    1 -0.3608412E+00  0.4966553E+00 -0.1210000E+00  0.0000000E+00  0.0000000E+00 -0.1000000E+01  0.7460869E-02
    1 -0.5959303E-01  0.6820974E-01 -0.1210000E+00  0.0000000E+00  0.0000000E+00 -0.1000000E+01  0.8289845E-03
    1 -0.1390504E+00  0.1591560E+00 -0.1210000E+00  0.0000000E+00  0.0000000E+00 -0.1000000E+01  0.2486950E-02
    1 -0.2264536E+00  0.2591971E+00 -0.1210000E+00  0.0000000E+00  0.0000000E+00 -0.1000000E+01  0.4144921E-02
    1 -0.3149918E+00  0.3605371E+00 -0.1210000E+00  0.0000000E+00  0.0000000E+00 -0.1000000E+01  0.5802888E-02
    1 -0.4039085E+00  0.4623104E+00 -0.1210000E+00  0.0000000E+00  0.0000000E+00 -0.1000000E+01  0.7460855E-02
    1 -0.6546740E-01  0.6259327E-01 -0.1210000E+00  0.0000000E+00  0.0000000E+00 -0.1000000E+01  0.8289826E-03
    1 -0.1527573E+00  0.1460509E+00 -0.1210000E+00  0.0000000E+00  0.0000000E+00 -0.1000000E+01  0.2486953E-02
    1 -0.2487762E+00  0.2378544E+00 -0.1210000E+00  0.0000000E+00  0.0000000E+00 -0.1000000E+01  0.4144926E-02
    1 -0.3460421E+00  0.3308501E+00 -0.1210000E+00  0.0000000E+00  0.0000000E+00 -0.1000000E+01  0.5802892E-02
    1 -0.4437236E+00  0.4242432E+00 -0.1210000E+00  0.0000000E+00  0.0000000E+00 -0.1000000E+01  0.7460864E-02
    1 -0.7081467E-01  0.5647283E-01 -0.1210000E+00  0.0000000E+00  0.0000000E+00 -0.1000000E+01  0.8289862E-03
    1 -0.1652342E+00  0.1317699E+00 -0.1210000E+00  0.0000000E+00  0.0000000E+00 -0.1000000E+01  0.2486952E-02
    1 -0.2690958E+00  0.2145967E+00 -0.1210000E+00  0.0000000E+00  0.0000000E+00 -0.1000000E+01  0.4144921E-02
    1 -0.3743062E+00  0.2984992E+00 -0.1210000E+00  0.0000000E+00  0.0000000E+00 -0.1000000E+01  0.5802884E-02
    1 -0.4799662E+00  0.3827602E+00 -0.1210000E+00  0.0000000E+00  0.0000000E+00 -0.1000000E+01  0.7460856E-02
    1 -0.7559177E-01  0.4989770E-01 -0.1210000E+00  0.0000000E+00  0.0000000E+00 -0.1000000E+01  0.8289837E-03
    1 -0.1763808E+00  0.1164280E+00 -0.1210000E+00  0.0000000E+00  0.0000000E+00 -0.1000000E+01  0.2486955E-02
    1 -0.2872488E+00  0.1896113E+00 -0.1210000E+00  0.0000000E+00  0.0000000E+00 -0.1000000E+01  0.4144924E-02
    1 -0.3995566E+00  0.2637450E+00 -0.1210000E+00  0.0000000E+00  0.0000000E+00 -0.1000000E+01  0.5802887E-02
    1 -0.5123444E+00  0.3381955E+00 -0.1210000E+00  0.0000000E+00  0.0000000E+00 -0.1000000E+01  0.7460857E-02
    1 -0.7976027E-01  0.4292084E-01 -0.1210000E+00  0.0000000E+00  0.0000000E+00 -0.1000000E+01  0.8289859E-03
    1 -0.1861073E+00  0.1001486E+00 -0.1210000E+00  0.0000000E+00  0.0000000E+00 -0.1000000E+01  0.2486951E-02
    1 -0.3030890E+00  0.1630992E+00 -0.1210000E+00  0.0000000E+00  0.0000000E+00 -0.1000000E+01  0.4144921E-02
    1 -0.4215900E+00  0.2268672E+00 -0.1210000E+00  0.0000000E+00  0.0000000E+00 -0.1000000E+01  0.5802894E-02
    1 -0.5405974E+00  0.2909078E+00 -0.1210000E+00  0.0000000E+00  0.0000000E+00 -0.1000000E+01  0.7460865E-02
    1 -0.8328658E-01  0.3559840E-01 -0.1210000E+00  0.0000000E+00  0.0000000E+00 -0.1000000E+01  0.8289816E-03
    1 -0.1943354E+00  0.8306295E-01 -0.1210000E+00  0.0000000E+00  0.0000000E+00 -0.1000000E+01  0.2486950E-02
    1 -0.3164889E+00  0.1352739E+00 -0.1210000E+00  0.0000000E+00  0.0000000E+00 -0.1000000E+01  0.4144917E-02
    1 -0.4402290E+00  0.1881629E+00 -0.1210000E+00  0.0000000E+00  0.0000000E+00 -0.1000000E+01  0.5802887E-02
    1 -0.5644978E+00  0.2412780E+00 -0.1210000E+00  0.0000000E+00  0.0000000E+00 -0.1000000E+01  0.7460856E-02
    1 -0.8614226E-01  0.2798933E-01 -0.1210000E+00  0.0000000E+00  0.0000000E+00 -0.1000000E+01  0.8289861E-03
    1 -0.2009987E+00  0.6530845E-01 -0.1210000E+00  0.0000000E+00  0.0000000E+00 -0.1000000E+01  0.2486960E-02
    1 -0.3273406E+00  0.1063594E+00 -0.1210000E+00  0.0000000E+00  0.0000000E+00 -0.1000000E+01  0.4144919E-02
    1 -0.4553236E+00  0.1479436E+00 -0.1210000E+00  0.0000000E+00  0.0000000E+00 -0.1000000E+01  0.5802883E-02
    1 -0.5838534E+00  0.1897055E+00 -0.1210000E+00  0.0000000E+00  0.0000000E+00 -0.1000000E+01  0.7460849E-02
    1 -0.8830443E-01  0.2015490E-01 -0.1210000E+00  0.0000000E+00  0.0000000E+00 -0.1000000E+01  0.8289861E-03
    1 -0.2060436E+00  0.4702811E-01 -0.1210000E+00  0.0000000E+00  0.0000000E+00 -0.1000000E+01  0.2486951E-02
    1 -0.3355570E+00  0.7658871E-01 -0.1210000E+00  0.0000000E+00  0.0000000E+00 -0.1000000E+01  0.4144921E-02
    1 -0.4667521E+00  0.1065332E+00 -0.1210000E+00  0.0000000E+00  0.0000000E+00 -0.1000000E+01  0.5802898E-02
    1 -0.5985079E+00  0.1366056E+00 -0.1210000E+00  0.0000000E+00  0.0000000E+00 -0.1000000E+01  0.7460859E-02
    1 -0.8975564E-01  0.1215820E-01 -0.1210000E+00  0.0000000E+00  0.0000000E+00 -0.1000000E+01  0.8289849E-03
    1 -0.2094298E+00  0.2836919E-01 -0.1210000E+00  0.0000000E+00  0.0000000E+00 -0.1000000E+01  0.2486955E-02
    1 -0.3410714E+00  0.4620127E-01 -0.1210000E+00  0.0000000E+00  0.0000000E+00 -0.1000000E+01  0.4144926E-02
    1 -0.4744227E+00  0.6426493E-01 -0.1210000E+00  0.0000000E+00  0.0000000E+00 -0.1000000E+01  0.5802895E-02
    1 -0.6083438E+00  0.8240578E-01 -0.1210000E+00  0.0000000E+00  0.0000000E+00 -0.1000000E+01  0.7460862E-02
    1 -0.9048416E-01  0.4063633E-02 -0.1210000E+00  0.0000000E+00  0.0000000E+00 -0.1000000E+01  0.8289812E-03
    1 -0.2111298E+00  0.9481840E-02 -0.1210000E+00  0.0000000E+00  0.0000000E+00 -0.1000000E+01  0.2486951E-02
    1 -0.3438398E+00  0.1544186E-01 -0.1210000E+00  0.0000000E+00  0.0000000E+00 -0.1000000E+01  0.4144920E-02
    1 -0.4782735E+00  0.2147928E-01 -0.1210000E+00  0.0000000E+00  0.0000000E+00 -0.1000000E+01  0.5802889E-02
    1 -0.6132816E+00  0.2754251E-01 -0.1210000E+00  0.0000000E+00  0.0000000E+00 -0.1000000E+01  0.7460858E-02
           0
