 
      1    980    350      1
    1  0.1247484E+00  0.5602451E-02 -0.6000000E-01  0.9989932E+00  0.4486347E-01  0.0000000E+00  0.1345943E-02
    1  0.1237440E+00  0.1676225E-01 -0.6000000E-01  0.9909495E+00  0.1342348E+00  0.0000000E+00  0.1345945E-02
    1  0.1217433E+00  0.2778710E-01 -0.6000000E-01  0.9749289E+00  0.2225169E+00  0.0000000E+00  0.1345944E-02
    1  0.1187624E+00  0.3858825E-01 -0.6000000E-01  0.9510568E+00  0.3090160E+00  0.0000000E+00  0.1345951E-02
    1  0.1148252E+00  0.4907870E-01 -0.6000000E-01  0.9195260E+00  0.3930292E+00  0.0000000E+00  0.1345946E-02
    1  0.1099636E+00  0.5917395E-01 -0.6000000E-01  0.8805951E+00  0.4738694E+00  0.0000000E+00  0.1345940E-02
    1  0.1042166E+00  0.6879281E-01 -0.6000000E-01  0.8345737E+00  0.5508963E+00  0.0000000E+00  0.1345951E-02
    1  0.9763050E-01  0.7785775E-01 -0.6000000E-01  0.7818281E+00  0.6234941E+00  0.0000000E+00  0.1345938E-02
    1  0.9025835E-01  0.8629585E-01 -0.6000000E-01  0.7227983E+00  0.6910591E+00  0.0000000E+00  0.1345951E-02
    1  0.8215950E-01  0.9403915E-01 -0.6000000E-01  0.6579353E+00  0.7530744E+00  0.0000000E+00  0.1345938E-02
    1  0.7339916E-01  0.1010253E+00 -0.6000000E-01  0.5877901E+00  0.8090134E+00  0.0000000E+00  0.1345950E-02
    1  0.6404785E-01  0.1071981E+00 -0.6000000E-01  0.5128949E+00  0.8584514E+00  0.0000000E+00  0.1345936E-02
    1  0.5418085E-01  0.1125077E+00 -0.6000000E-01  0.4338872E+00  0.9009672E+00  0.0000000E+00  0.1345953E-02
    1  0.4387760E-01  0.1169116E+00 -0.6000000E-01  0.3513752E+00  0.9362347E+00  0.0000000E+00  0.1345945E-02
    1  0.3322110E-01  0.1203741E+00 -0.6000000E-01  0.2660355E+00  0.9639633E+00  0.0000000E+00  0.1345943E-02
    1  0.2229715E-01  0.1228673E+00 -0.6000000E-01  0.1785546E+00  0.9839301E+00  0.0000000E+00  0.1345937E-02
    1  0.1119365E-01  0.1243714E+00 -0.6000000E-01  0.8963812E-01  0.9959744E+00  0.0000000E+00  0.1345950E-02
    1  0.0000000E+00  0.1248741E+00 -0.6000000E-01  0.0000000E+00  0.1000000E+01  0.0000000E+00  0.1345944E-02
    1 -0.1119365E-01  0.1243714E+00 -0.6000000E-01 -0.8963812E-01  0.9959744E+00  0.0000000E+00  0.1345950E-02
    1 -0.2229715E-01  0.1228674E+00 -0.6000000E-01 -0.1785546E+00  0.9839301E+00  0.0000000E+00  0.1345937E-02
    1 -0.3322110E-01  0.1203741E+00 -0.6000000E-01 -0.2660355E+00  0.9639633E+00  0.0000000E+00  0.1345943E-02
    1 -0.4387760E-01  0.1169116E+00 -0.6000000E-01 -0.3513752E+00  0.9362347E+00  0.0000000E+00  0.1345945E-02
    1 -0.5418085E-01  0.1125077E+00 -0.6000000E-01 -0.4338872E+00  0.9009672E+00  0.0000000E+00  0.1345953E-02
    1 -0.6404785E-01  0.1071981E+00 -0.6000000E-01 -0.5128949E+00  0.8584514E+00  0.0000000E+00  0.1345936E-02
    1 -0.7339916E-01  0.1010253E+00 -0.6000000E-01 -0.5877901E+00  0.8090134E+00  0.0000000E+00  0.1345950E-02
    1 -0.8215950E-01  0.9403915E-01 -0.6000000E-01 -0.6579353E+00  0.7530744E+00  0.0000000E+00  0.1345938E-02
    1 -0.9025835E-01  0.8629585E-01 -0.6000000E-01 -0.7227983E+00  0.6910591E+00  0.0000000E+00  0.1345951E-02
    1 -0.9763050E-01  0.7785776E-01 -0.6000000E-01 -0.7818281E+00  0.6234941E+00  0.0000000E+00  0.1345938E-02
    1 -0.1042166E+00  0.6879281E-01 -0.6000000E-01 -0.8345737E+00  0.5508963E+00  0.0000000E+00  0.1345951E-02
    1 -0.1099636E+00  0.5917395E-01 -0.6000000E-01 -0.8805951E+00  0.4738694E+00  0.0000000E+00  0.1345940E-02
    1 -0.1148252E+00  0.4907870E-01 -0.6000000E-01 -0.9195260E+00  0.3930292E+00  0.0000000E+00  0.1345946E-02
    1 -0.1187624E+00  0.3858825E-01 -0.6000000E-01 -0.9510568E+00  0.3090160E+00  0.0000000E+00  0.1345951E-02
    1 -0.1217433E+00  0.2778710E-01 -0.6000000E-01 -0.9749289E+00  0.2225169E+00  0.0000000E+00  0.1345944E-02
    1 -0.1237440E+00  0.1676225E-01 -0.6000000E-01 -0.9909495E+00  0.1342348E+00  0.0000000E+00  0.1345945E-02
    1 -0.1247484E+00  0.5602451E-02 -0.6000000E-01 -0.9989932E+00  0.4486347E-01  0.0000000E+00  0.1345943E-02
    1  0.4752675E+00  0.2134428E-01 -0.1200000E+00  0.0000000E+00  0.0000000E+00  0.1000000E+01  0.4246780E-02
    1  0.3760843E+00  0.1688997E-01 -0.1200000E+00  0.0000000E+00  0.0000000E+00  0.1000000E+01  0.3353077E-02
    1  0.2772396E+00  0.1245085E-01 -0.1200000E+00  0.0000000E+00  0.0000000E+00  0.1000000E+01  0.2459371E-02
    1  0.1793130E+00  0.8052954E-02 -0.1200000E+00  0.0000000E+00  0.0000000E+00  0.1000000E+01  0.1565663E-02
    1  0.4714410E+00  0.6386100E-01 -0.1200000E+00  0.0000000E+00  0.0000000E+00  0.1000000E+01  0.4246779E-02
    1  0.3730562E+00  0.5053391E-01 -0.1200000E+00  0.0000000E+00  0.0000000E+00  0.1000000E+01  0.3353070E-02
    1  0.2750074E+00  0.3725227E-01 -0.1200000E+00  0.0000000E+00  0.0000000E+00  0.1000000E+01  0.2459367E-02
    1  0.1778693E+00  0.2409402E-01 -0.1200000E+00  0.0000000E+00  0.0000000E+00  0.1000000E+01  0.1565662E-02
    1  0.4638186E+00  0.1058635E+00 -0.1200000E+00  0.0000000E+00  0.0000000E+00  0.1000000E+01  0.4246782E-02
    1  0.3670246E+00  0.8377095E-01 -0.1200000E+00  0.0000000E+00  0.0000000E+00  0.1000000E+01  0.3353076E-02
    1  0.2705610E+00  0.6175378E-01 -0.1200000E+00  0.0000000E+00  0.0000000E+00  0.1000000E+01  0.2459372E-02
    1  0.1749935E+00  0.3994112E-01 -0.1200000E+00  0.0000000E+00  0.0000000E+00  0.1000000E+01  0.1565665E-02
    1  0.4524619E+00  0.1470138E+00 -0.1200000E+00  0.0000000E+00  0.0000000E+00  0.1000000E+01  0.4246783E-02
    1  0.3580379E+00  0.1163336E+00 -0.1200000E+00  0.0000000E+00  0.0000000E+00  0.1000000E+01  0.3353074E-02
    1  0.2639363E+00  0.8575809E-01 -0.1200000E+00  0.0000000E+00  0.0000000E+00  0.1000000E+01  0.2459364E-02
    1  0.1707087E+00  0.5546661E-01 -0.1200000E+00  0.0000000E+00  0.0000000E+00  0.1000000E+01  0.1565664E-02
    1  0.4374622E+00  0.1869803E+00 -0.1200000E+00  0.0000000E+00  0.0000000E+00  0.1000000E+01  0.4246775E-02
    1  0.3461686E+00  0.1479595E+00 -0.1200000E+00  0.0000000E+00  0.0000000E+00  0.1000000E+01  0.3353074E-02
    1  0.2551864E+00  0.1090719E+00 -0.1200000E+00  0.0000000E+00  0.0000000E+00  0.1000000E+01  0.2459371E-02
    1  0.1650496E+00  0.7054557E-01 -0.1200000E+00  0.0000000E+00  0.0000000E+00  0.1000000E+01  0.1565668E-02
    1  0.4189403E+00  0.2254414E+00 -0.1200000E+00  0.0000000E+00  0.0000000E+00  0.1000000E+01  0.4246791E-02
    1  0.3315119E+00  0.1783942E+00 -0.1200000E+00  0.0000000E+00  0.0000000E+00  0.1000000E+01  0.3353085E-02
    1  0.2443820E+00  0.1315075E+00 -0.1200000E+00  0.0000000E+00  0.0000000E+00  0.1000000E+01  0.2459371E-02
    1  0.1580614E+00  0.8505648E-01 -0.1200000E+00  0.0000000E+00  0.0000000E+00  0.1000000E+01  0.1565661E-02
    1  0.3970453E+00  0.2620874E+00 -0.1200000E+00  0.0000000E+00  0.0000000E+00  0.1000000E+01  0.4246780E-02
    1  0.3141862E+00  0.2073925E+00 -0.1200000E+00  0.0000000E+00  0.0000000E+00  0.1000000E+01  0.3353073E-02
    1  0.2316099E+00  0.1528844E+00 -0.1200000E+00  0.0000000E+00  0.0000000E+00  0.1000000E+01  0.2459368E-02
    1  0.1498006E+00  0.9888254E-01 -0.1200000E+00  0.0000000E+00  0.0000000E+00  0.1000000E+01  0.1565665E-02
    1  0.3719536E+00  0.2966232E+00 -0.1200000E+00  0.0000000E+00  0.0000000E+00  0.1000000E+01  0.4246781E-02
    1  0.2943309E+00  0.2347211E+00 -0.1200000E+00  0.0000000E+00  0.0000000E+00  0.1000000E+01  0.3353072E-02
    1  0.2169731E+00  0.1730302E+00 -0.1200000E+00  0.0000000E+00  0.0000000E+00  0.1000000E+01  0.2459370E-02
    1  0.1403339E+00  0.1119126E+00 -0.1200000E+00  0.0000000E+00  0.0000000E+00  0.1000000E+01  0.1565663E-02
    1  0.3438672E+00  0.3287706E+00 -0.1200000E+00  0.0000000E+00  0.0000000E+00  0.1000000E+01  0.4246776E-02
    1  0.2721058E+00  0.2601597E+00 -0.1200000E+00  0.0000000E+00  0.0000000E+00  0.1000000E+01  0.3353070E-02
    1  0.2005893E+00  0.1917830E+00 -0.1200000E+00  0.0000000E+00  0.0000000E+00  0.1000000E+01  0.2459369E-02
    1  0.1297371E+00  0.1240414E+00 -0.1200000E+00  0.0000000E+00  0.0000000E+00  0.1000000E+01  0.1565663E-02
    1  0.3130121E+00  0.3582711E+00 -0.1200000E+00  0.0000000E+00  0.0000000E+00  0.1000000E+01  0.4246784E-02
    1  0.2476899E+00  0.2835038E+00 -0.1200000E+00  0.0000000E+00  0.0000000E+00  0.1000000E+01  0.3353074E-02
    1  0.1825905E+00  0.2089916E+00 -0.1200000E+00  0.0000000E+00  0.0000000E+00  0.1000000E+01  0.2459370E-02
    1  0.1180959E+00  0.1351716E+00 -0.1200000E+00  0.0000000E+00  0.0000000E+00  0.1000000E+01  0.1565663E-02
    1  0.2796368E+00  0.3848870E+00 -0.1200000E+00  0.0000000E+00  0.0000000E+00  0.1000000E+01  0.4246786E-02
    1  0.2212796E+00  0.3045653E+00 -0.1200000E+00  0.0000000E+00  0.0000000E+00  0.1000000E+01  0.3353077E-02
    1  0.1631216E+00  0.2245176E+00 -0.1200000E+00  0.0000000E+00  0.0000000E+00  0.1000000E+01  0.2459373E-02
    1  0.1055038E+00  0.1452135E+00 -0.1200000E+00  0.0000000E+00  0.0000000E+00  0.1000000E+01  0.1565667E-02
    1  0.2440100E+00  0.4084041E+00 -0.1200000E+00  0.0000000E+00  0.0000000E+00  0.1000000E+01  0.4246783E-02
    1  0.1930877E+00  0.3231745E+00 -0.1200000E+00  0.0000000E+00  0.0000000E+00  0.1000000E+01  0.3353078E-02
    1  0.1423393E+00  0.2382359E+00 -0.1200000E+00  0.0000000E+00  0.0000000E+00  0.1000000E+01  0.2459374E-02
    1  0.9206225E-01  0.1540862E+00 -0.1200000E+00  0.0000000E+00  0.0000000E+00  0.1000000E+01  0.1565660E-02
    1  0.2064187E+00  0.4286329E+00 -0.1200000E+00  0.0000000E+00  0.0000000E+00  0.1000000E+01  0.4246781E-02
    1  0.1633413E+00  0.3391818E+00 -0.1200000E+00  0.0000000E+00  0.0000000E+00  0.1000000E+01  0.3353074E-02
    1  0.1204110E+00  0.2500360E+00 -0.1200000E+00  0.0000000E+00  0.0000000E+00  0.1000000E+01  0.2459368E-02
    1  0.7787941E-01  0.1617182E+00 -0.1200000E+00  0.0000000E+00  0.0000000E+00  0.1000000E+01  0.1565667E-02
    1  0.1671654E+00  0.4454105E+00 -0.1200000E+00  0.0000000E+00  0.0000000E+00  0.1000000E+01  0.4246775E-02
    1  0.1322798E+00  0.3524581E+00 -0.1200000E+00  0.0000000E+00  0.0000000E+00  0.1000000E+01  0.3353073E-02
    1  0.9751318E-01  0.2598229E+00 -0.1200000E+00  0.0000000E+00  0.0000000E+00  0.1000000E+01  0.2459367E-02
    1  0.6306959E-01  0.1680483E+00 -0.1200000E+00  0.0000000E+00  0.0000000E+00  0.1000000E+01  0.1565665E-02
    1  0.1265661E+00  0.4586020E+00 -0.1200000E+00  0.0000000E+00  0.0000000E+00  0.1000000E+01  0.4246781E-02
    1  0.1001531E+00  0.3628967E+00 -0.1200000E+00  0.0000000E+00  0.0000000E+00  0.1000000E+01  0.3353076E-02
    1  0.7383027E-01  0.2675180E+00 -0.1200000E+00  0.0000000E+00  0.0000000E+00  0.1000000E+01  0.2459368E-02
    1  0.4775194E-01  0.1730254E+00 -0.1200000E+00  0.0000000E+00  0.0000000E+00  0.1000000E+01  0.1565664E-02
    1  0.8494782E-01  0.4681011E+00 -0.1200000E+00  0.0000000E+00  0.0000000E+00  0.1000000E+01  0.4246786E-02
    1  0.6722012E-01  0.3704134E+00 -0.1200000E+00  0.0000000E+00  0.0000000E+00  0.1000000E+01  0.3353085E-02
    1  0.4955295E-01  0.2730592E+00 -0.1200000E+00  0.0000000E+00  0.0000000E+00  0.1000000E+01  0.2459371E-02
    1  0.3204986E-01  0.1766092E+00 -0.1200000E+00  0.0000000E+00  0.0000000E+00  0.1000000E+01  0.1565656E-02
    1  0.4264558E-01  0.4738314E+00 -0.1200000E+00  0.0000000E+00  0.0000000E+00  0.1000000E+01  0.4246777E-02
    1  0.3374590E-01  0.3749478E+00 -0.1200000E+00  0.0000000E+00  0.0000000E+00  0.1000000E+01  0.3353071E-02
    1  0.2487662E-01  0.2764018E+00 -0.1200000E+00  0.0000000E+00  0.0000000E+00  0.1000000E+01  0.2459370E-02
    1  0.1608973E-01  0.1787711E+00 -0.1200000E+00  0.0000000E+00  0.0000000E+00  0.1000000E+01  0.1565667E-02
    1  0.0000000E+00  0.4757466E+00 -0.1200000E+00  0.0000000E+00  0.0000000E+00  0.1000000E+01  0.4246785E-02
    1 -0.6984919E-09  0.3764634E+00 -0.1200000E+00  0.0000000E+00  0.0000000E+00  0.1000000E+01  0.3353077E-02
    1  0.0000000E+00  0.2775190E+00 -0.1200000E+00  0.0000000E+00  0.0000000E+00  0.1000000E+01  0.2459373E-02
    1  0.1164153E-09  0.1794938E+00 -0.1200000E+00  0.0000000E+00  0.0000000E+00  0.1000000E+01  0.1565668E-02
    1 -0.4264558E-01  0.4738314E+00 -0.1200000E+00  0.0000000E+00  0.0000000E+00  0.1000000E+01  0.4246777E-02
    1 -0.3374590E-01  0.3749478E+00 -0.1200000E+00  0.0000000E+00  0.0000000E+00  0.1000000E+01  0.3353071E-02
    1 -0.2487662E-01  0.2764018E+00 -0.1200000E+00  0.0000000E+00  0.0000000E+00  0.1000000E+01  0.2459370E-02
    1 -0.1608973E-01  0.1787711E+00 -0.1200000E+00  0.0000000E+00  0.0000000E+00  0.1000000E+01  0.1565667E-02
    1 -0.8494782E-01  0.4681012E+00 -0.1200000E+00  0.0000000E+00  0.0000000E+00  0.1000000E+01  0.4246785E-02
    1 -0.6722012E-01  0.3704135E+00 -0.1200000E+00  0.0000000E+00  0.0000000E+00  0.1000000E+01  0.3353085E-02
    1 -0.4955295E-01  0.2730592E+00 -0.1200000E+00  0.0000000E+00  0.0000000E+00  0.1000000E+01  0.2459371E-02
    1 -0.3204986E-01  0.1766092E+00 -0.1200000E+00  0.0000000E+00  0.0000000E+00  0.1000000E+01  0.1565656E-02
    1 -0.1265661E+00  0.4586020E+00 -0.1200000E+00  0.0000000E+00  0.0000000E+00  0.1000000E+01  0.4246781E-02
    1 -0.1001531E+00  0.3628967E+00 -0.1200000E+00  0.0000000E+00  0.0000000E+00  0.1000000E+01  0.3353076E-02
    1 -0.7383028E-01  0.2675180E+00 -0.1200000E+00  0.0000000E+00  0.0000000E+00  0.1000000E+01  0.2459368E-02
    1 -0.4775195E-01  0.1730253E+00 -0.1200000E+00  0.0000000E+00  0.0000000E+00  0.1000000E+01  0.1565664E-02
    1 -0.1671654E+00  0.4454105E+00 -0.1200000E+00  0.0000000E+00  0.0000000E+00  0.1000000E+01  0.4246775E-02
    1 -0.1322798E+00  0.3524581E+00 -0.1200000E+00  0.0000000E+00  0.0000000E+00  0.1000000E+01  0.3353073E-02
    1 -0.9751318E-01  0.2598230E+00 -0.1200000E+00  0.0000000E+00  0.0000000E+00  0.1000000E+01  0.2459367E-02
    1 -0.6306959E-01  0.1680484E+00 -0.1200000E+00  0.0000000E+00  0.0000000E+00  0.1000000E+01  0.1565665E-02
    1 -0.2064187E+00  0.4286329E+00 -0.1200000E+00  0.0000000E+00  0.0000000E+00  0.1000000E+01  0.4246781E-02
    1 -0.1633413E+00  0.3391818E+00 -0.1200000E+00  0.0000000E+00  0.0000000E+00  0.1000000E+01  0.3353074E-02
    1 -0.1204110E+00  0.2500360E+00 -0.1200000E+00  0.0000000E+00  0.0000000E+00  0.1000000E+01  0.2459368E-02
    1 -0.7787941E-01  0.1617182E+00 -0.1200000E+00  0.0000000E+00  0.0000000E+00  0.1000000E+01  0.1565667E-02
    1 -0.2440100E+00  0.4084041E+00 -0.1200000E+00  0.0000000E+00  0.0000000E+00  0.1000000E+01  0.4246783E-02
    1 -0.1930877E+00  0.3231745E+00 -0.1200000E+00  0.0000000E+00  0.0000000E+00  0.1000000E+01  0.3353078E-02
    1 -0.1423393E+00  0.2382359E+00 -0.1200000E+00  0.0000000E+00  0.0000000E+00  0.1000000E+01  0.2459374E-02
    1 -0.9206225E-01  0.1540862E+00 -0.1200000E+00  0.0000000E+00  0.0000000E+00  0.1000000E+01  0.1565660E-02
    1 -0.2796369E+00  0.3848870E+00 -0.1200000E+00  0.0000000E+00  0.0000000E+00  0.1000000E+01  0.4246786E-02
    1 -0.2212796E+00  0.3045653E+00 -0.1200000E+00  0.0000000E+00  0.0000000E+00  0.1000000E+01  0.3353077E-02
    1 -0.1631216E+00  0.2245176E+00 -0.1200000E+00  0.0000000E+00  0.0000000E+00  0.1000000E+01  0.2459373E-02
    1 -0.1055038E+00  0.1452135E+00 -0.1200000E+00  0.0000000E+00  0.0000000E+00  0.1000000E+01  0.1565667E-02
    1 -0.3130121E+00  0.3582711E+00 -0.1200000E+00  0.0000000E+00  0.0000000E+00  0.1000000E+01  0.4246784E-02
    1 -0.2476899E+00  0.2835038E+00 -0.1200000E+00  0.0000000E+00  0.0000000E+00  0.1000000E+01  0.3353074E-02
    1 -0.1825905E+00  0.2089916E+00 -0.1200000E+00  0.0000000E+00  0.0000000E+00  0.1000000E+01  0.2459370E-02
    1 -0.1180959E+00  0.1351716E+00 -0.1200000E+00  0.0000000E+00  0.0000000E+00  0.1000000E+01  0.1565663E-02
    1 -0.3438672E+00  0.3287707E+00 -0.1200000E+00  0.0000000E+00  0.0000000E+00  0.1000000E+01  0.4246776E-02
    1 -0.2721058E+00  0.2601597E+00 -0.1200000E+00  0.0000000E+00  0.0000000E+00  0.1000000E+01  0.3353070E-02
    1 -0.2005893E+00  0.1917830E+00 -0.1200000E+00  0.0000000E+00  0.0000000E+00  0.1000000E+01  0.2459369E-02
    1 -0.1297371E+00  0.1240414E+00 -0.1200000E+00  0.0000000E+00  0.0000000E+00  0.1000000E+01  0.1565663E-02
    1 -0.3719536E+00  0.2966231E+00 -0.1200000E+00  0.0000000E+00  0.0000000E+00  0.1000000E+01  0.4246781E-02
    1 -0.2943309E+00  0.2347211E+00 -0.1200000E+00  0.0000000E+00  0.0000000E+00  0.1000000E+01  0.3353072E-02
    1 -0.2169731E+00  0.1730302E+00 -0.1200000E+00  0.0000000E+00  0.0000000E+00  0.1000000E+01  0.2459370E-02
    1 -0.1403339E+00  0.1119125E+00 -0.1200000E+00  0.0000000E+00  0.0000000E+00  0.1000000E+01  0.1565663E-02
    1 -0.3970453E+00  0.2620873E+00 -0.1200000E+00  0.0000000E+00  0.0000000E+00  0.1000000E+01  0.4246780E-02
    1 -0.3141862E+00  0.2073925E+00 -0.1200000E+00  0.0000000E+00  0.0000000E+00  0.1000000E+01  0.3353073E-02
    1 -0.2316099E+00  0.1528844E+00 -0.1200000E+00  0.0000000E+00  0.0000000E+00  0.1000000E+01  0.2459368E-02
    1 -0.1498006E+00  0.9888253E-01 -0.1200000E+00  0.0000000E+00  0.0000000E+00  0.1000000E+01  0.1565665E-02
    1 -0.4189402E+00  0.2254414E+00 -0.1200000E+00  0.0000000E+00  0.0000000E+00  0.1000000E+01  0.4246791E-02
    1 -0.3315119E+00  0.1783942E+00 -0.1200000E+00  0.0000000E+00  0.0000000E+00  0.1000000E+01  0.3353085E-02
    1 -0.2443820E+00  0.1315075E+00 -0.1200000E+00  0.0000000E+00  0.0000000E+00  0.1000000E+01  0.2459371E-02
    1 -0.1580614E+00  0.8505649E-01 -0.1200000E+00  0.0000000E+00  0.0000000E+00  0.1000000E+01  0.1565661E-02
    1 -0.4374622E+00  0.1869803E+00 -0.1200000E+00  0.0000000E+00  0.0000000E+00  0.1000000E+01  0.4246775E-02
    1 -0.3461685E+00  0.1479595E+00 -0.1200000E+00  0.0000000E+00  0.0000000E+00  0.1000000E+01  0.3353074E-02
    1 -0.2551864E+00  0.1090719E+00 -0.1200000E+00  0.0000000E+00  0.0000000E+00  0.1000000E+01  0.2459371E-02
    1 -0.1650496E+00  0.7054557E-01 -0.1200000E+00  0.0000000E+00  0.0000000E+00  0.1000000E+01  0.1565669E-02
    1 -0.4524619E+00  0.1470138E+00 -0.1200000E+00  0.0000000E+00  0.0000000E+00  0.1000000E+01  0.4246783E-02
    1 -0.3580379E+00  0.1163336E+00 -0.1200000E+00  0.0000000E+00  0.0000000E+00  0.1000000E+01  0.3353074E-02
    1 -0.2639363E+00  0.8575809E-01 -0.1200000E+00  0.0000000E+00  0.0000000E+00  0.1000000E+01  0.2459364E-02
    1 -0.1707087E+00  0.5546661E-01 -0.1200000E+00  0.0000000E+00  0.0000000E+00  0.1000000E+01  0.1565664E-02
    1 -0.4638186E+00  0.1058635E+00 -0.1200000E+00  0.0000000E+00  0.0000000E+00  0.1000000E+01  0.4246782E-02
    1 -0.3670246E+00  0.8377095E-01 -0.1200000E+00  0.0000000E+00  0.0000000E+00  0.1000000E+01  0.3353076E-02
    1 -0.2705610E+00  0.6175379E-01 -0.1200000E+00  0.0000000E+00  0.0000000E+00  0.1000000E+01  0.2459372E-02
    1 -0.1749935E+00  0.3994111E-01 -0.1200000E+00  0.0000000E+00  0.0000000E+00  0.1000000E+01  0.1565665E-02
    1 -0.4714409E+00  0.6386100E-01 -0.1200000E+00  0.0000000E+00  0.0000000E+00  0.1000000E+01  0.4246779E-02
    1 -0.3730563E+00  0.5053391E-01 -0.1200000E+00  0.0000000E+00  0.0000000E+00  0.1000000E+01  0.3353070E-02
    1 -0.2750074E+00  0.3725228E-01 -0.1200000E+00  0.0000000E+00  0.0000000E+00  0.1000000E+01  0.2459367E-02
    1 -0.1778693E+00  0.2409402E-01 -0.1200000E+00  0.0000000E+00  0.0000000E+00  0.1000000E+01  0.1565662E-02
    1 -0.4752675E+00  0.2134428E-01 -0.1200000E+00  0.0000000E+00  0.0000000E+00  0.1000000E+01  0.4246780E-02
    1 -0.3760843E+00  0.1688997E-01 -0.1200000E+00  0.0000000E+00  0.0000000E+00  0.1000000E+01  0.3353077E-02
    1 -0.2772396E+00  0.1245085E-01 -0.1200000E+00  0.0000000E+00  0.0000000E+00  0.1000000E+01  0.2459371E-02
    1 -0.1793130E+00  0.8052954E-02 -0.1200000E+00  0.0000000E+00  0.0000000E+00  0.1000000E+01  0.1565663E-02
    1  0.5233445E+00  0.2350340E-01 -0.1205000E+00  0.9989930E+00  0.4486482E-01  0.0000000E+00  0.4705428E-04
    1  0.5191308E+00  0.7032101E-01 -0.1205000E+00  0.9909497E+00  0.1342332E+00  0.0000000E+00  0.4705435E-04
    1  0.5107374E+00  0.1165724E+00 -0.1205000E+00  0.9749278E+00  0.2225213E+00  0.0000000E+00  0.4705434E-04
    1  0.4982319E+00  0.1618854E+00 -0.1205000E+00  0.9510570E+00  0.3090153E+00  0.0000000E+00  0.4705437E-04
    1  0.4817148E+00  0.2058948E+00 -0.1205000E+00  0.9195275E+00  0.3930258E+00  0.0000000E+00  0.4705427E-04
    1  0.4613193E+00  0.2482465E+00 -0.1205000E+00  0.8805950E+00  0.4738697E+00  0.0000000E+00  0.4705443E-04
    1  0.4372095E+00  0.2885995E+00 -0.1205000E+00  0.8345735E+00  0.5508966E+00  0.0000000E+00  0.4705430E-04
    1  0.4095796E+00  0.3266289E+00 -0.1205000E+00  0.7818320E+00  0.6234891E+00  0.0000000E+00  0.4705431E-04
    1  0.3786520E+00  0.3620284E+00 -0.1205000E+00  0.7227945E+00  0.6910630E+00  0.0000000E+00  0.4705427E-04
    1  0.3446757E+00  0.3945130E+00 -0.1205000E+00  0.6579387E+00  0.7530714E+00  0.0000000E+00  0.4705433E-04
    1  0.3079243E+00  0.4238213E+00 -0.1205000E+00  0.5877854E+00  0.8090169E+00  0.0000000E+00  0.4705436E-04
    1  0.2686936E+00  0.4497173E+00 -0.1205000E+00  0.5128991E+00  0.8584489E+00  0.0000000E+00  0.4705437E-04
    1  0.2272995E+00  0.4719924E+00 -0.1205000E+00  0.4338845E+00  0.9009685E+00  0.0000000E+00  0.4705435E-04
    1  0.1840754E+00  0.4904672E+00 -0.1205000E+00  0.3513733E+00  0.9362355E+00  0.0000000E+00  0.4705428E-04
    1  0.1393692E+00  0.5049931E+00 -0.1205000E+00  0.2660383E+00  0.9639624E+00  0.0000000E+00  0.4705432E-04
    1  0.9354096E-01  0.5154532E+00 -0.1205000E+00  0.1785570E+00  0.9839296E+00  0.0000000E+00  0.4705438E-04
    1  0.4695950E-01  0.5217631E+00 -0.1205000E+00  0.8963962E-01  0.9959743E+00  0.0000000E+00  0.4705432E-04
    1  0.0000000E+00  0.5238720E+00 -0.1205000E+00  0.0000000E+00  0.1000000E+01  0.0000000E+00  0.4705430E-04
    1 -0.4695950E-01  0.5217631E+00 -0.1205000E+00 -0.8963962E-01  0.9959743E+00  0.0000000E+00  0.4705432E-04
    1 -0.9354096E-01  0.5154532E+00 -0.1205000E+00 -0.1785570E+00  0.9839296E+00  0.0000000E+00  0.4705438E-04
    1 -0.1393692E+00  0.5049931E+00 -0.1205000E+00 -0.2660383E+00  0.9639624E+00  0.0000000E+00  0.4705432E-04
    1 -0.1840754E+00  0.4904672E+00 -0.1205000E+00 -0.3513733E+00  0.9362355E+00  0.0000000E+00  0.4705428E-04
    1 -0.2272995E+00  0.4719923E+00 -0.1205000E+00 -0.4338845E+00  0.9009685E+00  0.0000000E+00  0.4705435E-04
    1 -0.2686936E+00  0.4497173E+00 -0.1205000E+00 -0.5128991E+00  0.8584489E+00  0.0000000E+00  0.4705437E-04
    1 -0.3079243E+00  0.4238213E+00 -0.1205000E+00 -0.5877854E+00  0.8090169E+00  0.0000000E+00  0.4705436E-04
    1 -0.3446757E+00  0.3945130E+00 -0.1205000E+00 -0.6579387E+00  0.7530714E+00  0.0000000E+00  0.4705433E-04
    1 -0.3786520E+00  0.3620284E+00 -0.1205000E+00 -0.7227945E+00  0.6910630E+00  0.0000000E+00  0.4705427E-04
    1 -0.4095796E+00  0.3266289E+00 -0.1205000E+00 -0.7818320E+00  0.6234891E+00  0.0000000E+00  0.4705431E-04
    1 -0.4372095E+00  0.2885995E+00 -0.1205000E+00 -0.8345735E+00  0.5508966E+00  0.0000000E+00  0.4705430E-04
    1 -0.4613193E+00  0.2482465E+00 -0.1205000E+00 -0.8805950E+00  0.4738697E+00  0.0000000E+00  0.4705443E-04
    1 -0.4817148E+00  0.2058948E+00 -0.1205000E+00 -0.9195275E+00  0.3930258E+00  0.0000000E+00  0.4705427E-04
    1 -0.4982319E+00  0.1618854E+00 -0.1205000E+00 -0.9510570E+00  0.3090153E+00  0.0000000E+00  0.4705437E-04
    1 -0.5107374E+00  0.1165724E+00 -0.1205000E+00 -0.9749278E+00  0.2225213E+00  0.0000000E+00  0.4705434E-04
    1 -0.5191308E+00  0.7032101E-01 -0.1205000E+00 -0.9909497E+00  0.1342332E+00  0.0000000E+00  0.4705435E-04
    1 -0.5233445E+00  0.2350340E-01 -0.1205000E+00 -0.9989930E+00  0.4486482E-01  0.0000000E+00  0.4705428E-04
    1  0.8722407E-01  0.3917234E-02 -0.1210000E+00  0.0000000E+00  0.0000000E+00 -0.1000000E+01  0.7703239E-03
    1  0.2035228E+00  0.9140211E-02 -0.1210000E+00  0.0000000E+00  0.0000000E+00 -0.1000000E+01  0.2310972E-02
    1  0.3314515E+00  0.1488549E-01 -0.1210000E+00  0.0000000E+00  0.0000000E+00 -0.1000000E+01  0.3851619E-02
    1  0.4610415E+00  0.2070538E-01 -0.1210000E+00  0.0000000E+00  0.0000000E+00 -0.1000000E+01  0.5392267E-02
    1  0.8652180E-01  0.1172017E-01 -0.1210000E+00  0.0000000E+00  0.0000000E+00 -0.1000000E+01  0.7703246E-03
    1  0.2018842E+00  0.2734706E-01 -0.1210000E+00  0.0000000E+00  0.0000000E+00 -0.1000000E+01  0.2310975E-02
    1  0.3287829E+00  0.4453664E-01 -0.1210000E+00  0.0000000E+00  0.0000000E+00 -0.1000000E+01  0.3851626E-02
    1  0.4573295E+00  0.6194945E-01 -0.1210000E+00  0.0000000E+00  0.0000000E+00 -0.1000000E+01  0.5392276E-02
    1  0.8512291E-01  0.1942873E-01 -0.1210000E+00  0.0000000E+00  0.0000000E+00 -0.1000000E+01  0.7703243E-03
    1  0.1986201E+00  0.4533371E-01 -0.1210000E+00  0.0000000E+00  0.0000000E+00 -0.1000000E+01  0.2310970E-02
    1  0.3234671E+00  0.7382923E-01 -0.1210000E+00  0.0000000E+00  0.0000000E+00 -0.1000000E+01  0.3851622E-02
    1  0.4499353E+00  0.1026948E+00 -0.1210000E+00  0.0000000E+00  0.0000000E+00 -0.1000000E+01  0.5392276E-02
    1  0.8303864E-01  0.2698087E-01 -0.1210000E+00  0.0000000E+00  0.0000000E+00 -0.1000000E+01  0.7703232E-03
    1  0.1937569E+00  0.6295539E-01 -0.1210000E+00  0.0000000E+00  0.0000000E+00 -0.1000000E+01  0.2310979E-02
    1  0.3155469E+00  0.1025274E+00 -0.1210000E+00  0.0000000E+00  0.0000000E+00 -0.1000000E+01  0.3851634E-02
    1  0.4389186E+00  0.1426133E+00 -0.1210000E+00  0.0000000E+00  0.0000000E+00 -0.1000000E+01  0.5392280E-02
    1  0.8028581E-01  0.3431580E-01 -0.1210000E+00  0.0000000E+00  0.0000000E+00 -0.1000000E+01  0.7703304E-03
    1  0.1873335E+00  0.8007016E-01 -0.1210000E+00  0.0000000E+00  0.0000000E+00 -0.1000000E+01  0.2310978E-02
    1  0.3050861E+00  0.1304001E+00 -0.1210000E+00  0.0000000E+00  0.0000000E+00 -0.1000000E+01  0.3851618E-02
    1  0.4243678E+00  0.1813836E+00 -0.1210000E+00  0.0000000E+00  0.0000000E+00 -0.1000000E+01  0.5392266E-02
    1  0.7688653E-01  0.4137444E-01 -0.1210000E+00  0.0000000E+00  0.0000000E+00 -0.1000000E+01  0.7703233E-03
    1  0.1794020E+00  0.9654035E-01 -0.1210000E+00  0.0000000E+00  0.0000000E+00 -0.1000000E+01  0.2310979E-02
    1  0.2921689E+00  0.1572228E+00 -0.1210000E+00  0.0000000E+00  0.0000000E+00 -0.1000000E+01  0.3851633E-02
    1  0.4064004E+00  0.2186934E+00 -0.1210000E+00  0.0000000E+00  0.0000000E+00 -0.1000000E+01  0.5392280E-02
    1  0.7286824E-01  0.4809994E-01 -0.1210000E+00  0.0000000E+00  0.0000000E+00 -0.1000000E+01  0.7703272E-03
    1  0.1700259E+00  0.1122331E+00 -0.1210000E+00  0.0000000E+00  0.0000000E+00 -0.1000000E+01  0.2310975E-02
    1  0.2768993E+00  0.1827797E+00 -0.1210000E+00  0.0000000E+00  0.0000000E+00 -0.1000000E+01  0.3851626E-02
    1  0.3851607E+00  0.2542424E+00 -0.1210000E+00  0.0000000E+00  0.0000000E+00 -0.1000000E+01  0.5392271E-02
    1  0.6826327E-01  0.5443817E-01 -0.1210000E+00  0.0000000E+00  0.0000000E+00 -0.1000000E+01  0.7703215E-03
    1  0.1592809E+00  0.1270224E+00 -0.1210000E+00  0.0000000E+00  0.0000000E+00 -0.1000000E+01  0.2310967E-02
    1  0.2594004E+00  0.2068650E+00 -0.1210000E+00  0.0000000E+00  0.0000000E+00 -0.1000000E+01  0.3851622E-02
    1  0.3608201E+00  0.2877445E+00 -0.1210000E+00  0.0000000E+00  0.0000000E+00 -0.1000000E+01  0.5392271E-02
    1  0.6310867E-01  0.6033807E-01 -0.1210000E+00  0.0000000E+00  0.0000000E+00 -0.1000000E+01  0.7703250E-03
    1  0.1472535E+00  0.1407888E+00 -0.1210000E+00  0.0000000E+00  0.0000000E+00 -0.1000000E+01  0.2310974E-02
    1  0.2398129E+00  0.2292846E+00 -0.1210000E+00  0.0000000E+00  0.0000000E+00 -0.1000000E+01  0.3851621E-02
    1  0.3335744E+00  0.3189297E+00 -0.1210000E+00  0.0000000E+00  0.0000000E+00 -0.1000000E+01  0.5392266E-02
    1  0.5744594E-01  0.6575217E-01 -0.1210000E+00  0.0000000E+00  0.0000000E+00 -0.1000000E+01  0.7703247E-03
    1  0.1340405E+00  0.1534217E+00 -0.1210000E+00  0.0000000E+00  0.0000000E+00 -0.1000000E+01  0.2310974E-02
    1  0.2182946E+00  0.2498582E+00 -0.1210000E+00  0.0000000E+00  0.0000000E+00 -0.1000000E+01  0.3851626E-02
    1  0.3036429E+00  0.3475472E+00 -0.1210000E+00  0.0000000E+00  0.0000000E+00 -0.1000000E+01  0.5392272E-02
    1  0.5132070E-01  0.7063690E-01 -0.1210000E+00  0.0000000E+00  0.0000000E+00 -0.1000000E+01  0.7703262E-03
    1  0.1197483E+00  0.1648194E+00 -0.1210000E+00  0.0000000E+00  0.0000000E+00 -0.1000000E+01  0.2310974E-02
    1  0.1950187E+00  0.2684202E+00 -0.1210000E+00  0.0000000E+00  0.0000000E+00 -0.1000000E+01  0.3851629E-02
    1  0.2712666E+00  0.3733664E+00 -0.1210000E+00  0.0000000E+00  0.0000000E+00 -0.1000000E+01  0.5392279E-02
    1  0.4478227E-01  0.7495290E-01 -0.1210000E+00  0.0000000E+00  0.0000000E+00 -0.1000000E+01  0.7703233E-03
    1  0.1044920E+00  0.1748901E+00 -0.1210000E+00  0.0000000E+00  0.0000000E+00 -0.1000000E+01  0.2310978E-02
    1  0.1701725E+00  0.2848209E+00 -0.1210000E+00  0.0000000E+00  0.0000000E+00 -0.1000000E+01  0.3851631E-02
    1  0.2367062E+00  0.3961795E+00 -0.1210000E+00  0.0000000E+00  0.0000000E+00 -0.1000000E+01  0.5392278E-02
    1  0.3788327E-01  0.7866541E-01 -0.1210000E+00  0.0000000E+00  0.0000000E+00 -0.1000000E+01  0.7703246E-03
    1  0.8839424E-01  0.1835526E+00 -0.1210000E+00  0.0000000E+00  0.0000000E+00 -0.1000000E+01  0.2310973E-02
    1  0.1439563E+00  0.2989285E+00 -0.1210000E+00  0.0000000E+00  0.0000000E+00 -0.1000000E+01  0.3851623E-02
    1  0.2002400E+00  0.4158028E+00 -0.1210000E+00  0.0000000E+00  0.0000000E+00 -0.1000000E+01  0.5392277E-02
    1  0.3067923E-01  0.8174453E-01 -0.1210000E+00  0.0000000E+00  0.0000000E+00 -0.1000000E+01  0.7703271E-03
    1  0.7158486E-01  0.1907372E+00 -0.1210000E+00  0.0000000E+00  0.0000000E+00 -0.1000000E+01  0.2310970E-02
    1  0.1165811E+00  0.3106292E+00 -0.1210000E+00  0.0000000E+00  0.0000000E+00 -0.1000000E+01  0.3851612E-02
    1  0.1621617E+00  0.4320783E+00 -0.1210000E+00  0.0000000E+00  0.0000000E+00 -0.1000000E+01  0.5392266E-02
    1  0.2322820E-01  0.8416554E-01 -0.1210000E+00  0.0000000E+00  0.0000000E+00 -0.1000000E+01  0.7703238E-03
    1  0.5419917E-01  0.1963862E+00 -0.1210000E+00  0.0000000E+00  0.0000000E+00 -0.1000000E+01  0.2310975E-02
    1  0.8826721E-01  0.3198290E+00 -0.1210000E+00  0.0000000E+00  0.0000000E+00 -0.1000000E+01  0.3851628E-02
    1  0.1227777E+00  0.4448749E+00 -0.1210000E+00  0.0000000E+00  0.0000000E+00 -0.1000000E+01  0.5392273E-02
    1  0.1559017E-01  0.8590887E-01 -0.1210000E+00  0.0000000E+00  0.0000000E+00 -0.1000000E+01  0.7703233E-03
    1  0.3637706E-01  0.2004540E+00 -0.1210000E+00  0.0000000E+00  0.0000000E+00 -0.1000000E+01  0.2310970E-02
    1  0.5924261E-01  0.3264537E+00 -0.1210000E+00  0.0000000E+00  0.0000000E+00 -0.1000000E+01  0.3851627E-02
    1  0.8240512E-01  0.4540897E+00 -0.1210000E+00  0.0000000E+00  0.0000000E+00 -0.1000000E+01  0.5392280E-02
    1  0.7826600E-02  0.8696049E-01 -0.1210000E+00  0.0000000E+00  0.0000000E+00 -0.1000000E+01  0.7703248E-03
    1  0.1826207E-01  0.2029078E+00 -0.1210000E+00  0.0000000E+00  0.0000000E+00 -0.1000000E+01  0.2310975E-02
    1  0.2974103E-01  0.3304499E+00 -0.1210000E+00  0.0000000E+00  0.0000000E+00 -0.1000000E+01  0.3851625E-02
    1  0.4136908E-01  0.4596485E+00 -0.1210000E+00  0.0000000E+00  0.0000000E+00 -0.1000000E+01  0.5392273E-02
    1  0.0000000E+00  0.8731201E-01 -0.1210000E+00  0.0000000E+00  0.0000000E+00 -0.1000000E+01  0.7703276E-03
    1 -0.1164153E-09  0.2037280E+00 -0.1210000E+00  0.0000000E+00  0.0000000E+00 -0.1000000E+01  0.2310983E-02
    1  0.2328306E-09  0.3317856E+00 -0.1210000E+00  0.0000000E+00  0.0000000E+00 -0.1000000E+01  0.3851625E-02
    1  0.0000000E+00  0.4615063E+00 -0.1210000E+00  0.0000000E+00  0.0000000E+00 -0.1000000E+01  0.5392267E-02
    1 -0.7826600E-02  0.8696049E-01 -0.1210000E+00  0.0000000E+00  0.0000000E+00 -0.1000000E+01  0.7703249E-03
    1 -0.1826207E-01  0.2029078E+00 -0.1210000E+00  0.0000000E+00  0.0000000E+00 -0.1000000E+01  0.2310975E-02
    1 -0.2974103E-01  0.3304499E+00 -0.1210000E+00  0.0000000E+00  0.0000000E+00 -0.1000000E+01  0.3851625E-02
    1 -0.4136907E-01  0.4596484E+00 -0.1210000E+00  0.0000000E+00  0.0000000E+00 -0.1000000E+01  0.5392273E-02
    1 -0.1559017E-01  0.8590887E-01 -0.1210000E+00  0.0000000E+00  0.0000000E+00 -0.1000000E+01  0.7703233E-03
    1 -0.3637705E-01  0.2004540E+00 -0.1210000E+00  0.0000000E+00  0.0000000E+00 -0.1000000E+01  0.2310970E-02
    1 -0.5924262E-01  0.3264537E+00 -0.1210000E+00  0.0000000E+00  0.0000000E+00 -0.1000000E+01  0.3851627E-02
    1 -0.8240512E-01  0.4540897E+00 -0.1210000E+00  0.0000000E+00  0.0000000E+00 -0.1000000E+01  0.5392279E-02
    1 -0.2322820E-01  0.8416554E-01 -0.1210000E+00  0.0000000E+00  0.0000000E+00 -0.1000000E+01  0.7703239E-03
    1 -0.5419917E-01  0.1963862E+00 -0.1210000E+00  0.0000000E+00  0.0000000E+00 -0.1000000E+01  0.2310975E-02
    1 -0.8826721E-01  0.3198290E+00 -0.1210000E+00  0.0000000E+00  0.0000000E+00 -0.1000000E+01  0.3851628E-02
    1 -0.1227777E+00  0.4448749E+00 -0.1210000E+00  0.0000000E+00  0.0000000E+00 -0.1000000E+01  0.5392273E-02
    1 -0.3067923E-01  0.8174453E-01 -0.1210000E+00  0.0000000E+00  0.0000000E+00 -0.1000000E+01  0.7703271E-03
    1 -0.7158485E-01  0.1907372E+00 -0.1210000E+00  0.0000000E+00  0.0000000E+00 -0.1000000E+01  0.2310970E-02
    1 -0.1165811E+00  0.3106292E+00 -0.1210000E+00  0.0000000E+00  0.0000000E+00 -0.1000000E+01  0.3851612E-02
    1 -0.1621617E+00  0.4320783E+00 -0.1210000E+00  0.0000000E+00  0.0000000E+00 -0.1000000E+01  0.5392266E-02
    1 -0.3788327E-01  0.7866541E-01 -0.1210000E+00  0.0000000E+00  0.0000000E+00 -0.1000000E+01  0.7703247E-03
    1 -0.8839424E-01  0.1835526E+00 -0.1210000E+00  0.0000000E+00  0.0000000E+00 -0.1000000E+01  0.2310973E-02
    1 -0.1439563E+00  0.2989285E+00 -0.1210000E+00  0.0000000E+00  0.0000000E+00 -0.1000000E+01  0.3851624E-02
    1 -0.2002400E+00  0.4158028E+00 -0.1210000E+00  0.0000000E+00  0.0000000E+00 -0.1000000E+01  0.5392277E-02
    1 -0.4478227E-01  0.7495290E-01 -0.1210000E+00  0.0000000E+00  0.0000000E+00 -0.1000000E+01  0.7703233E-03
    1 -0.1044919E+00  0.1748901E+00 -0.1210000E+00  0.0000000E+00  0.0000000E+00 -0.1000000E+01  0.2310978E-02
    1 -0.1701726E+00  0.2848209E+00 -0.1210000E+00  0.0000000E+00  0.0000000E+00 -0.1000000E+01  0.3851631E-02
    1 -0.2367062E+00  0.3961795E+00 -0.1210000E+00  0.0000000E+00  0.0000000E+00 -0.1000000E+01  0.5392278E-02
    1 -0.5132070E-01  0.7063690E-01 -0.1210000E+00  0.0000000E+00  0.0000000E+00 -0.1000000E+01  0.7703262E-03
    1 -0.1197483E+00  0.1648194E+00 -0.1210000E+00  0.0000000E+00  0.0000000E+00 -0.1000000E+01  0.2310974E-02
    1 -0.1950187E+00  0.2684202E+00 -0.1210000E+00  0.0000000E+00  0.0000000E+00 -0.1000000E+01  0.3851629E-02
    1 -0.2712666E+00  0.3733664E+00 -0.1210000E+00  0.0000000E+00  0.0000000E+00 -0.1000000E+01  0.5392279E-02
    1 -0.5744594E-01  0.6575217E-01 -0.1210000E+00  0.0000000E+00  0.0000000E+00 -0.1000000E+01  0.7703247E-03
    1 -0.1340405E+00  0.1534217E+00 -0.1210000E+00  0.0000000E+00  0.0000000E+00 -0.1000000E+01  0.2310974E-02
    1 -0.2182946E+00  0.2498582E+00 -0.1210000E+00  0.0000000E+00  0.0000000E+00 -0.1000000E+01  0.3851626E-02
    1 -0.3036429E+00  0.3475472E+00 -0.1210000E+00  0.0000000E+00  0.0000000E+00 -0.1000000E+01  0.5392272E-02
    1 -0.6310867E-01  0.6033807E-01 -0.1210000E+00  0.0000000E+00  0.0000000E+00 -0.1000000E+01  0.7703250E-03
    1 -0.1472535E+00  0.1407888E+00 -0.1210000E+00  0.0000000E+00  0.0000000E+00 -0.1000000E+01  0.2310974E-02
    1 -0.2398129E+00  0.2292846E+00 -0.1210000E+00  0.0000000E+00  0.0000000E+00 -0.1000000E+01  0.3851621E-02
    1 -0.3335744E+00  0.3189297E+00 -0.1210000E+00  0.0000000E+00  0.0000000E+00 -0.1000000E+01  0.5392266E-02
    1 -0.6826327E-01  0.5443817E-01 -0.1210000E+00  0.0000000E+00  0.0000000E+00 -0.1000000E+01  0.7703215E-03
    1 -0.1592810E+00  0.1270224E+00 -0.1210000E+00  0.0000000E+00  0.0000000E+00 -0.1000000E+01  0.2310967E-02
    1 -0.2594004E+00  0.2068650E+00 -0.1210000E+00  0.0000000E+00  0.0000000E+00 -0.1000000E+01  0.3851622E-02
    1 -0.3608201E+00  0.2877445E+00 -0.1210000E+00  0.0000000E+00  0.0000000E+00 -0.1000000E+01  0.5392271E-02
    1 -0.7286824E-01  0.4809994E-01 -0.1210000E+00  0.0000000E+00  0.0000000E+00 -0.1000000E+01  0.7703271E-03
    1 -0.1700259E+00  0.1122331E+00 -0.1210000E+00  0.0000000E+00  0.0000000E+00 -0.1000000E+01  0.2310975E-02
    1 -0.2768993E+00  0.1827797E+00 -0.1210000E+00  0.0000000E+00  0.0000000E+00 -0.1000000E+01  0.3851626E-02
    1 -0.3851608E+00  0.2542424E+00 -0.1210000E+00  0.0000000E+00  0.0000000E+00 -0.1000000E+01  0.5392271E-02
    1 -0.7688653E-01  0.4137444E-01 -0.1210000E+00  0.0000000E+00  0.0000000E+00 -0.1000000E+01  0.7703233E-03
    1 -0.1794020E+00  0.9654035E-01 -0.1210000E+00  0.0000000E+00  0.0000000E+00 -0.1000000E+01  0.2310979E-02
    1 -0.2921689E+00  0.1572228E+00 -0.1210000E+00  0.0000000E+00  0.0000000E+00 -0.1000000E+01  0.3851633E-02
    1 -0.4064004E+00  0.2186934E+00 -0.1210000E+00  0.0000000E+00  0.0000000E+00 -0.1000000E+01  0.5392280E-02
    1 -0.8028581E-01  0.3431580E-01 -0.1210000E+00  0.0000000E+00  0.0000000E+00 -0.1000000E+01  0.7703304E-03
    1 -0.1873335E+00  0.8007016E-01 -0.1210000E+00  0.0000000E+00  0.0000000E+00 -0.1000000E+01  0.2310978E-02
    1 -0.3050861E+00  0.1304001E+00 -0.1210000E+00  0.0000000E+00  0.0000000E+00 -0.1000000E+01  0.3851618E-02
    1 -0.4243679E+00  0.1813836E+00 -0.1210000E+00  0.0000000E+00  0.0000000E+00 -0.1000000E+01  0.5392266E-02
    1 -0.8303864E-01  0.2698087E-01 -0.1210000E+00  0.0000000E+00  0.0000000E+00 -0.1000000E+01  0.7703232E-03
    1 -0.1937569E+00  0.6295539E-01 -0.1210000E+00  0.0000000E+00  0.0000000E+00 -0.1000000E+01  0.2310979E-02
    1 -0.3155469E+00  0.1025274E+00 -0.1210000E+00  0.0000000E+00  0.0000000E+00 -0.1000000E+01  0.3851634E-02
    1 -0.4389185E+00  0.1426133E+00 -0.1210000E+00  0.0000000E+00  0.0000000E+00 -0.1000000E+01  0.5392280E-02
    1 -0.8512291E-01  0.1942873E-01 -0.1210000E+00  0.0000000E+00  0.0000000E+00 -0.1000000E+01  0.7703244E-03
    1 -0.1986201E+00  0.4533371E-01 -0.1210000E+00  0.0000000E+00  0.0000000E+00 -0.1000000E+01  0.2310970E-02
    1 -0.3234671E+00  0.7382922E-01 -0.1210000E+00  0.0000000E+00  0.0000000E+00 -0.1000000E+01  0.3851622E-02
    1 -0.4499353E+00  0.1026948E+00 -0.1210000E+00  0.0000000E+00  0.0000000E+00 -0.1000000E+01  0.5392276E-02
    1 -0.8652180E-01  0.1172017E-01 -0.1210000E+00  0.0000000E+00  0.0000000E+00 -0.1000000E+01  0.7703246E-03
    1 -0.2018842E+00  0.2734706E-01 -0.1210000E+00  0.0000000E+00  0.0000000E+00 -0.1000000E+01  0.2310975E-02
    1 -0.3287829E+00  0.4453664E-01 -0.1210000E+00  0.0000000E+00  0.0000000E+00 -0.1000000E+01  0.3851626E-02
    1 -0.4573296E+00  0.6194946E-01 -0.1210000E+00  0.0000000E+00  0.0000000E+00 -0.1000000E+01  0.5392276E-02
    1 -0.8722407E-01  0.3917234E-02 -0.1210000E+00  0.0000000E+00  0.0000000E+00 -0.1000000E+01  0.7703240E-03
    1 -0.2035228E+00  0.9140212E-02 -0.1210000E+00  0.0000000E+00  0.0000000E+00 -0.1000000E+01  0.2310972E-02
    1 -0.3314515E+00  0.1488549E-01 -0.1210000E+00  0.0000000E+00  0.0000000E+00 -0.1000000E+01  0.3851619E-02
    1 -0.4610416E+00  0.2070538E-01 -0.1210000E+00  0.0000000E+00  0.0000000E+00 -0.1000000E+01  0.5392267E-02
           0
