  2   1
     1  0.1244968E+00  0.1120490E-01 -0.1200000E+00
     2  0.1244968E+00  0.1120490E-01  0.0000000E+00
     3  0.1250000E+00  0.0000000E+00 -0.1200000E+00
     4  0.1250000E+00  0.0000000E+00  0.0000000E+00
     5  0.1229912E+00  0.2231960E-01 -0.1200000E+00
     6  0.1229912E+00  0.2231960E-01  0.0000000E+00
     7  0.1244968E+00  0.1120490E-01 -0.1200000E+00
     8  0.1244968E+00  0.1120490E-01  0.0000000E+00
     9  0.1204954E+00  0.3325460E-01 -0.1200000E+00
    10  0.1204954E+00  0.3325460E-01  0.0000000E+00
    11  0.1229912E+00  0.2231960E-01 -0.1200000E+00
    12  0.1229912E+00  0.2231960E-01  0.0000000E+00
    13  0.1170294E+00  0.4392190E-01 -0.1200000E+00
    14  0.1170294E+00  0.4392190E-01  0.0000000E+00
    15  0.1204954E+00  0.3325460E-01 -0.1200000E+00
    16  0.1204954E+00  0.3325460E-01  0.0000000E+00
    17  0.1126211E+00  0.5423550E-01 -0.1200000E+00
    18  0.1126211E+00  0.5423550E-01  0.0000000E+00
    19  0.1170294E+00  0.4392190E-01 -0.1200000E+00
    20  0.1170294E+00  0.4392190E-01  0.0000000E+00
    21  0.1073061E+00  0.6411240E-01 -0.1200000E+00
    22  0.1073061E+00  0.6411240E-01  0.0000000E+00
    23  0.1126211E+00  0.5423550E-01 -0.1200000E+00
    24  0.1126211E+00  0.5423550E-01  0.0000000E+00
    25  0.1011271E+00  0.7347320E-01 -0.1200000E+00
    26  0.1011271E+00  0.7347320E-01  0.0000000E+00
    27  0.1073061E+00  0.6411240E-01 -0.1200000E+00
    28  0.1073061E+00  0.6411240E-01  0.0000000E+00
    29  0.9413390E-01  0.8224230E-01 -0.1200000E+00
    30  0.9413390E-01  0.8224230E-01  0.0000000E+00
    31  0.1011271E+00  0.7347320E-01 -0.1200000E+00
    32  0.1011271E+00  0.7347320E-01  0.0000000E+00
    33  0.8638280E-01  0.9034940E-01 -0.1200000E+00
    34  0.8638280E-01  0.9034940E-01  0.0000000E+00
    35  0.9413390E-01  0.8224230E-01 -0.1200000E+00
    36  0.9413390E-01  0.8224230E-01  0.0000000E+00
    37  0.7793620E-01  0.9772890E-01 -0.1200000E+00
    38  0.7793620E-01  0.9772890E-01  0.0000000E+00
    39  0.8638280E-01  0.9034940E-01 -0.1200000E+00
    40  0.8638280E-01  0.9034940E-01  0.0000000E+00
    41  0.6886210E-01  0.1043217E+00 -0.1200000E+00
    42  0.6886210E-01  0.1043217E+00  0.0000000E+00
    43  0.7793620E-01  0.9772890E-01 -0.1200000E+00
    44  0.7793620E-01  0.9772890E-01  0.0000000E+00
    45  0.5923360E-01  0.1100744E+00 -0.1200000E+00
    46  0.5923360E-01  0.1100744E+00  0.0000000E+00
    47  0.6886210E-01  0.1043217E+00 -0.1200000E+00
    48  0.6886210E-01  0.1043217E+00  0.0000000E+00
    49  0.4912810E-01  0.1149410E+00 -0.1200000E+00
    50  0.4912810E-01  0.1149410E+00  0.0000000E+00
    51  0.5923360E-01  0.1100744E+00 -0.1200000E+00
    52  0.5923360E-01  0.1100744E+00  0.0000000E+00
    53  0.3862710E-01  0.1188821E+00 -0.1200000E+00
    54  0.3862710E-01  0.1188821E+00  0.0000000E+00
    55  0.4912810E-01  0.1149410E+00 -0.1200000E+00
    56  0.4912810E-01  0.1149410E+00  0.0000000E+00
    57  0.2781510E-01  0.1218660E+00 -0.1200000E+00
    58  0.2781510E-01  0.1218660E+00  0.0000000E+00
    59  0.3862710E-01  0.1188821E+00 -0.1200000E+00
    60  0.3862710E-01  0.1188821E+00  0.0000000E+00
    61  0.1677920E-01  0.1238687E+00 -0.1200000E+00
    62  0.1677920E-01  0.1238687E+00  0.0000000E+00
    63  0.2781510E-01  0.1218660E+00 -0.1200000E+00
    64  0.2781510E-01  0.1218660E+00  0.0000000E+00
    65  0.5608100E-02  0.1248741E+00 -0.1200000E+00
    66  0.5608100E-02  0.1248741E+00  0.0000000E+00
    67  0.1677920E-01  0.1238687E+00 -0.1200000E+00
    68  0.1677920E-01  0.1238687E+00  0.0000000E+00
    69 -0.5608100E-02  0.1248741E+00 -0.1200000E+00
    70 -0.5608100E-02  0.1248741E+00  0.0000000E+00
    71  0.5608100E-02  0.1248741E+00 -0.1200000E+00
    72  0.5608100E-02  0.1248741E+00  0.0000000E+00
    73 -0.1677920E-01  0.1238687E+00 -0.1200000E+00
    74 -0.1677920E-01  0.1238687E+00  0.0000000E+00
    75 -0.5608100E-02  0.1248741E+00 -0.1200000E+00
    76 -0.5608100E-02  0.1248741E+00  0.0000000E+00
    77 -0.2781510E-01  0.1218660E+00 -0.1200000E+00
    78 -0.2781510E-01  0.1218660E+00  0.0000000E+00
    79 -0.1677920E-01  0.1238687E+00 -0.1200000E+00
    80 -0.1677920E-01  0.1238687E+00  0.0000000E+00
    81 -0.3862710E-01  0.1188821E+00 -0.1200000E+00
    82 -0.3862710E-01  0.1188821E+00  0.0000000E+00
    83 -0.2781510E-01  0.1218660E+00 -0.1200000E+00
    84 -0.2781510E-01  0.1218660E+00  0.0000000E+00
    85 -0.4912810E-01  0.1149410E+00 -0.1200000E+00
    86 -0.4912810E-01  0.1149410E+00  0.0000000E+00
    87 -0.3862710E-01  0.1188821E+00 -0.1200000E+00
    88 -0.3862710E-01  0.1188821E+00  0.0000000E+00
    89 -0.5923360E-01  0.1100744E+00 -0.1200000E+00
    90 -0.5923360E-01  0.1100744E+00  0.0000000E+00
    91 -0.4912810E-01  0.1149410E+00 -0.1200000E+00
    92 -0.4912810E-01  0.1149410E+00  0.0000000E+00
    93 -0.6886210E-01  0.1043217E+00 -0.1200000E+00
    94 -0.6886210E-01  0.1043217E+00  0.0000000E+00
    95 -0.5923360E-01  0.1100744E+00 -0.1200000E+00
    96 -0.5923360E-01  0.1100744E+00  0.0000000E+00
    97 -0.7793620E-01  0.9772890E-01 -0.1200000E+00
    98 -0.7793620E-01  0.9772890E-01  0.0000000E+00
    99 -0.6886210E-01  0.1043217E+00 -0.1200000E+00
   100 -0.6886210E-01  0.1043217E+00  0.0000000E+00
   101 -0.8638280E-01  0.9034940E-01 -0.1200000E+00
   102 -0.8638280E-01  0.9034940E-01  0.0000000E+00
   103 -0.7793620E-01  0.9772890E-01 -0.1200000E+00
   104 -0.7793620E-01  0.9772890E-01  0.0000000E+00
   105 -0.9413390E-01  0.8224230E-01 -0.1200000E+00
   106 -0.9413390E-01  0.8224230E-01  0.0000000E+00
   107 -0.8638280E-01  0.9034940E-01 -0.1200000E+00
   108 -0.8638280E-01  0.9034940E-01  0.0000000E+00
   109 -0.1011271E+00  0.7347320E-01 -0.1200000E+00
   110 -0.1011271E+00  0.7347320E-01  0.0000000E+00
   111 -0.9413390E-01  0.8224230E-01 -0.1200000E+00
   112 -0.9413390E-01  0.8224230E-01  0.0000000E+00
   113 -0.1073061E+00  0.6411240E-01 -0.1200000E+00
   114 -0.1073061E+00  0.6411240E-01  0.0000000E+00
   115 -0.1011271E+00  0.7347320E-01 -0.1200000E+00
   116 -0.1011271E+00  0.7347320E-01  0.0000000E+00
   117 -0.1126211E+00  0.5423550E-01 -0.1200000E+00
   118 -0.1126211E+00  0.5423550E-01  0.0000000E+00
   119 -0.1073061E+00  0.6411240E-01 -0.1200000E+00
   120 -0.1073061E+00  0.6411240E-01  0.0000000E+00
   121 -0.1170294E+00  0.4392190E-01 -0.1200000E+00
   122 -0.1170294E+00  0.4392190E-01  0.0000000E+00
   123 -0.1126211E+00  0.5423550E-01 -0.1200000E+00
   124 -0.1126211E+00  0.5423550E-01  0.0000000E+00
   125 -0.1204954E+00  0.3325460E-01 -0.1200000E+00
   126 -0.1204954E+00  0.3325460E-01  0.0000000E+00
   127 -0.1170294E+00  0.4392190E-01 -0.1200000E+00
   128 -0.1170294E+00  0.4392190E-01  0.0000000E+00
   129 -0.1229912E+00  0.2231960E-01 -0.1200000E+00
   130 -0.1229912E+00  0.2231960E-01  0.0000000E+00
   131 -0.1204954E+00  0.3325460E-01 -0.1200000E+00
   132 -0.1204954E+00  0.3325460E-01  0.0000000E+00
   133 -0.1244968E+00  0.1120490E-01 -0.1200000E+00
   134 -0.1244968E+00  0.1120490E-01  0.0000000E+00
   135 -0.1229912E+00  0.2231960E-01 -0.1200000E+00
   136 -0.1229912E+00  0.2231960E-01  0.0000000E+00
   137 -0.1250000E+00  0.0000000E+00 -0.1200000E+00
   138 -0.1250000E+00  0.0000000E+00  0.0000000E+00
   139 -0.1244968E+00  0.1120490E-01 -0.1200000E+00
   140 -0.1244968E+00  0.1120490E-01  0.0000000E+00
   141  0.5244000E+00  0.0000000E+00 -0.1200000E+00
   142  0.5222889E+00  0.4700680E-01 -0.1200000E+00
   143  0.4245500E+00  0.0000000E+00 -0.1200000E+00
   144  0.4228409E+00  0.3805640E-01 -0.1200000E+00
   145  0.3247000E+00  0.0000000E+00 -0.1200000E+00
   146  0.3233929E+00  0.2910590E-01 -0.1200000E+00
   147  0.2248500E+00  0.0000000E+00 -0.1200000E+00
   148  0.2239448E+00  0.2015540E-01 -0.1200000E+00
   149  0.1250000E+00  0.0000000E+00 -0.1200000E+00
   150  0.1244968E+00  0.1120490E-01 -0.1200000E+00
   151  0.5222889E+00  0.4700680E-01 -0.1200000E+00
   152  0.5159727E+00  0.9363520E-01 -0.1200000E+00
   153  0.4228409E+00  0.3805640E-01 -0.1200000E+00
   154  0.4177273E+00  0.7580630E-01 -0.1200000E+00
   155  0.3233929E+00  0.2910590E-01 -0.1200000E+00
   156  0.3194819E+00  0.5797740E-01 -0.1200000E+00
   157  0.2239448E+00  0.2015540E-01 -0.1200000E+00
   158  0.2212366E+00  0.4014850E-01 -0.1200000E+00
   159  0.1244968E+00  0.1120490E-01 -0.1200000E+00
   160  0.1229912E+00  0.2231960E-01 -0.1200000E+00
   161  0.5159727E+00  0.9363520E-01 -0.1200000E+00
   162  0.5055021E+00  0.1395097E+00 -0.1200000E+00
   163  0.4177273E+00  0.7580630E-01 -0.1200000E+00
   164  0.4092504E+00  0.1129459E+00 -0.1200000E+00
   165  0.3194819E+00  0.5797740E-01 -0.1200000E+00
   166  0.3129988E+00  0.8638220E-01 -0.1200000E+00
   167  0.2212366E+00  0.4014850E-01 -0.1200000E+00
   168  0.2167471E+00  0.5981840E-01 -0.1200000E+00
   169  0.1229912E+00  0.2231960E-01 -0.1200000E+00
   170  0.1204954E+00  0.3325460E-01 -0.1200000E+00
   171  0.5055021E+00  0.1395097E+00 -0.1200000E+00
   172  0.4909616E+00  0.1842610E+00 -0.1200000E+00
   173  0.4092504E+00  0.1129459E+00 -0.1200000E+00
   174  0.3974786E+00  0.1491762E+00 -0.1200000E+00
   175  0.3129988E+00  0.8638220E-01 -0.1200000E+00
   176  0.3039955E+00  0.1140914E+00 -0.1200000E+00
   177  0.2167471E+00  0.5981840E-01 -0.1200000E+00
   178  0.2105125E+00  0.7900660E-01 -0.1200000E+00
   179  0.1204954E+00  0.3325460E-01 -0.1200000E+00
   180  0.1170294E+00  0.4392190E-01 -0.1200000E+00
   181  0.4909616E+00  0.1842610E+00 -0.1200000E+00
   182  0.4724681E+00  0.2275286E+00 -0.1200000E+00
   183  0.3974786E+00  0.1491762E+00 -0.1200000E+00
   184  0.3825064E+00  0.1842053E+00 -0.1200000E+00
   185  0.3039955E+00  0.1140914E+00 -0.1200000E+00
   186  0.2925446E+00  0.1408820E+00 -0.1200000E+00
   187  0.2105125E+00  0.7900660E-01 -0.1200000E+00
   188  0.2025829E+00  0.9755880E-01 -0.1200000E+00
   189  0.1170294E+00  0.4392190E-01 -0.1200000E+00
   190  0.1126211E+00  0.5423550E-01 -0.1200000E+00
   191  0.4724681E+00  0.2275286E+00 -0.1200000E+00
   192  0.4501705E+00  0.2689644E+00 -0.1200000E+00
   193  0.3825064E+00  0.1842053E+00 -0.1200000E+00
   194  0.3644544E+00  0.2177514E+00 -0.1200000E+00
   195  0.2925446E+00  0.1408820E+00 -0.1200000E+00
   196  0.2787383E+00  0.1665384E+00 -0.1200000E+00
   197  0.2025829E+00  0.9755880E-01 -0.1200000E+00
   198  0.1930222E+00  0.1153254E+00 -0.1200000E+00
   199  0.1126211E+00  0.5423550E-01 -0.1200000E+00
   200  0.1073061E+00  0.6411240E-01 -0.1200000E+00
   201  0.4501705E+00  0.2689644E+00 -0.1200000E+00
   202  0.4242485E+00  0.3082346E+00 -0.1200000E+00
   203  0.3644544E+00  0.2177514E+00 -0.1200000E+00
   204  0.3434681E+00  0.2495442E+00 -0.1200000E+00
   205  0.2787383E+00  0.1665384E+00 -0.1200000E+00
   206  0.2626878E+00  0.1908539E+00 -0.1200000E+00
   207  0.1930222E+00  0.1153254E+00 -0.1200000E+00
   208  0.1819075E+00  0.1321635E+00 -0.1200000E+00
   209  0.1073061E+00  0.6411240E-01 -0.1200000E+00
   210  0.1011271E+00  0.7347320E-01 -0.1200000E+00
   211  0.4242485E+00  0.3082346E+00 -0.1200000E+00
   212  0.3949107E+00  0.3450231E+00 -0.1200000E+00
   213  0.3434681E+00  0.2495442E+00 -0.1200000E+00
   214  0.3197165E+00  0.2793279E+00 -0.1200000E+00
   215  0.2626878E+00  0.1908539E+00 -0.1200000E+00
   216  0.2445223E+00  0.2136327E+00 -0.1200000E+00
   217  0.1819075E+00  0.1321635E+00 -0.1200000E+00
   218  0.1693281E+00  0.1479375E+00 -0.1200000E+00
   219  0.1011271E+00  0.7347320E-01 -0.1200000E+00
   220  0.9413390E-01  0.8224230E-01 -0.1200000E+00
   221  0.3949107E+00  0.3450231E+00 -0.1200000E+00
   222  0.3623933E+00  0.3790336E+00 -0.1200000E+00
   223  0.3197165E+00  0.2793279E+00 -0.1200000E+00
   224  0.2933907E+00  0.3068625E+00 -0.1200000E+00
   225  0.2445223E+00  0.2136327E+00 -0.1200000E+00
   226  0.2243881E+00  0.2346915E+00 -0.1200000E+00
   227  0.1693281E+00  0.1479375E+00 -0.1200000E+00
   228  0.1553854E+00  0.1625204E+00 -0.1200000E+00
   229  0.9413390E-01  0.8224230E-01 -0.1200000E+00
   230  0.8638280E-01  0.9034930E-01 -0.1200000E+00
   231  0.3623933E+00  0.3790336E+00 -0.1200000E+00
   232  0.3269581E+00  0.4099924E+00 -0.1200000E+00
   233  0.2933907E+00  0.3068625E+00 -0.1200000E+00
   234  0.2647026E+00  0.3319265E+00 -0.1200000E+00
   235  0.2243881E+00  0.2346915E+00 -0.1200000E+00
   236  0.2024472E+00  0.2538607E+00 -0.1200000E+00
   237  0.1553854E+00  0.1625204E+00 -0.1200000E+00
   238  0.1401917E+00  0.1757948E+00 -0.1200000E+00
   239  0.8638280E-01  0.9034930E-01 -0.1200000E+00
   240  0.7793620E-01  0.9772890E-01 -0.1200000E+00
   241  0.3269581E+00  0.4099924E+00 -0.1200000E+00
   242  0.2888904E+00  0.4376502E+00 -0.1200000E+00
   243  0.2647026E+00  0.3319265E+00 -0.1200000E+00
   244  0.2338833E+00  0.3543181E+00 -0.1200000E+00
   245  0.2024472E+00  0.2538607E+00 -0.1200000E+00
   246  0.1788763E+00  0.2709860E+00 -0.1200000E+00
   247  0.1401917E+00  0.1757948E+00 -0.1200000E+00
   248  0.1238692E+00  0.1876538E+00 -0.1200000E+00
   249  0.7793620E-01  0.9772890E-01 -0.1200000E+00
   250  0.6886210E-01  0.1043217E+00 -0.1200000E+00
   251  0.2888904E+00  0.4376502E+00 -0.1200000E+00
   252  0.2484967E+00  0.4617843E+00 -0.1200000E+00
   253  0.2338833E+00  0.3543181E+00 -0.1200000E+00
   254  0.2011809E+00  0.3738568E+00 -0.1200000E+00
   255  0.1788763E+00  0.2709860E+00 -0.1200000E+00
   256  0.1538651E+00  0.2859294E+00 -0.1200000E+00
   257  0.1238692E+00  0.1876538E+00 -0.1200000E+00
   258  0.1065494E+00  0.1980019E+00 -0.1200000E+00
   259  0.6886210E-01  0.1043217E+00 -0.1200000E+00
   260  0.5923360E-01  0.1100744E+00 -0.1200000E+00
   261  0.2484967E+00  0.4617843E+00 -0.1200000E+00
   262  0.2061023E+00  0.4822004E+00 -0.1200000E+00
   263  0.2011809E+00  0.3738568E+00 -0.1200000E+00
   264  0.1668588E+00  0.3903856E+00 -0.1200000E+00
   265  0.1538651E+00  0.2859294E+00 -0.1200000E+00
   266  0.1276152E+00  0.2985707E+00 -0.1200000E+00
   267  0.1065494E+00  0.1980019E+00 -0.1200000E+00
   268  0.8837170E-01  0.2067558E+00 -0.1200000E+00
   269  0.5923360E-01  0.1100744E+00 -0.1200000E+00
   270  0.4912810E-01  0.1149410E+00 -0.1200000E+00
   271  0.2061023E+00  0.4822004E+00 -0.1200000E+00
   272  0.1620485E+00  0.4987340E+00 -0.1200000E+00
   273  0.1668588E+00  0.3903856E+00 -0.1200000E+00
   274  0.1311932E+00  0.4037710E+00 -0.1200000E+00
   275  0.1276152E+00  0.2985707E+00 -0.1200000E+00
   276  0.1003378E+00  0.3088080E+00 -0.1200000E+00
   277  0.8837170E-01  0.2067558E+00 -0.1200000E+00
   278  0.6948250E-01  0.2138451E+00 -0.1200000E+00
   279  0.4912810E-01  0.1149410E+00 -0.1200000E+00
   280  0.3862710E-01  0.1188821E+00 -0.1200000E+00
   281  0.1620485E+00  0.4987340E+00 -0.1200000E+00
   282  0.1166900E+00  0.5112522E+00 -0.1200000E+00
   283  0.1311932E+00  0.4037710E+00 -0.1200000E+00
   284  0.9447130E-01  0.4139057E+00 -0.1200000E+00
   285  0.1003378E+00  0.3088080E+00 -0.1200000E+00
   286  0.7225260E-01  0.3165591E+00 -0.1200000E+00
   287  0.6948250E-01  0.2138451E+00 -0.1200000E+00
   288  0.5003380E-01  0.2192125E+00 -0.1200000E+00
   289  0.3862710E-01  0.1188821E+00 -0.1200000E+00
   290  0.2781510E-01  0.1218660E+00 -0.1200000E+00
   291  0.1166900E+00  0.5112522E+00 -0.1200000E+00
   292  0.7039190E-01  0.5196541E+00 -0.1200000E+00
   293  0.9447130E-01  0.4139057E+00 -0.1200000E+00
   294  0.5698870E-01  0.4207078E+00 -0.1200000E+00
   295  0.7225260E-01  0.3165591E+00 -0.1200000E+00
   296  0.4358550E-01  0.3217614E+00 -0.1200000E+00
   297  0.5003380E-01  0.2192125E+00 -0.1200000E+00
   298  0.3018240E-01  0.2228150E+00 -0.1200000E+00
   299  0.2781510E-01  0.1218660E+00 -0.1200000E+00
   300  0.1677920E-01  0.1238687E+00 -0.1200000E+00
   301  0.7039190E-01  0.5196541E+00 -0.1200000E+00
   302  0.2352710E-01  0.5238720E+00 -0.1200000E+00
   303  0.5698870E-01  0.4207078E+00 -0.1200000E+00
   304  0.1904740E-01  0.4241225E+00 -0.1200000E+00
   305  0.4358550E-01  0.3217614E+00 -0.1200000E+00
   306  0.1456760E-01  0.3243731E+00 -0.1200000E+00
   307  0.3018240E-01  0.2228150E+00 -0.1200000E+00
   308  0.1008790E-01  0.2246236E+00 -0.1200000E+00
   309  0.1677920E-01  0.1238687E+00 -0.1200000E+00
   310  0.5608100E-02  0.1248741E+00 -0.1200000E+00
   311  0.2352710E-01  0.5238720E+00 -0.1200000E+00
   312 -0.2352710E-01  0.5238720E+00 -0.1200000E+00
   313  0.1904740E-01  0.4241225E+00 -0.1200000E+00
   314 -0.1904740E-01  0.4241225E+00 -0.1200000E+00
   315  0.1456760E-01  0.3243731E+00 -0.1200000E+00
   316 -0.1456760E-01  0.3243731E+00 -0.1200000E+00
   317  0.1008790E-01  0.2246236E+00 -0.1200000E+00
   318 -0.1008790E-01  0.2246236E+00 -0.1200000E+00
   319  0.5608100E-02  0.1248741E+00 -0.1200000E+00
   320 -0.5608100E-02  0.1248741E+00 -0.1200000E+00
   321 -0.2352710E-01  0.5238720E+00 -0.1200000E+00
   322 -0.7039190E-01  0.5196541E+00 -0.1200000E+00
   323 -0.1904740E-01  0.4241225E+00 -0.1200000E+00
   324 -0.5698870E-01  0.4207078E+00 -0.1200000E+00
   325 -0.1456760E-01  0.3243731E+00 -0.1200000E+00
   326 -0.4358550E-01  0.3217614E+00 -0.1200000E+00
   327 -0.1008790E-01  0.2246236E+00 -0.1200000E+00
   328 -0.3018240E-01  0.2228150E+00 -0.1200000E+00
   329 -0.5608100E-02  0.1248741E+00 -0.1200000E+00
   330 -0.1677920E-01  0.1238687E+00 -0.1200000E+00
   331 -0.7039190E-01  0.5196541E+00 -0.1200000E+00
   332 -0.1166900E+00  0.5112522E+00 -0.1200000E+00
   333 -0.5698870E-01  0.4207078E+00 -0.1200000E+00
   334 -0.9447130E-01  0.4139057E+00 -0.1200000E+00
   335 -0.4358550E-01  0.3217614E+00 -0.1200000E+00
   336 -0.7225260E-01  0.3165591E+00 -0.1200000E+00
   337 -0.3018240E-01  0.2228150E+00 -0.1200000E+00
   338 -0.5003380E-01  0.2192125E+00 -0.1200000E+00
   339 -0.1677920E-01  0.1238687E+00 -0.1200000E+00
   340 -0.2781510E-01  0.1218660E+00 -0.1200000E+00
   341 -0.1166900E+00  0.5112522E+00 -0.1200000E+00
   342 -0.1620485E+00  0.4987340E+00 -0.1200000E+00
   343 -0.9447130E-01  0.4139057E+00 -0.1200000E+00
   344 -0.1311932E+00  0.4037710E+00 -0.1200000E+00
   345 -0.7225260E-01  0.3165591E+00 -0.1200000E+00
   346 -0.1003378E+00  0.3088080E+00 -0.1200000E+00
   347 -0.5003380E-01  0.2192125E+00 -0.1200000E+00
   348 -0.6948250E-01  0.2138451E+00 -0.1200000E+00
   349 -0.2781510E-01  0.1218660E+00 -0.1200000E+00
   350 -0.3862710E-01  0.1188821E+00 -0.1200000E+00
   351 -0.1620485E+00  0.4987340E+00 -0.1200000E+00
   352 -0.2061023E+00  0.4822004E+00 -0.1200000E+00
   353 -0.1311932E+00  0.4037710E+00 -0.1200000E+00
   354 -0.1668588E+00  0.3903856E+00 -0.1200000E+00
   355 -0.1003378E+00  0.3088080E+00 -0.1200000E+00
   356 -0.1276152E+00  0.2985707E+00 -0.1200000E+00
   357 -0.6948250E-01  0.2138451E+00 -0.1200000E+00
   358 -0.8837170E-01  0.2067558E+00 -0.1200000E+00
   359 -0.3862710E-01  0.1188821E+00 -0.1200000E+00
   360 -0.4912810E-01  0.1149410E+00 -0.1200000E+00
   361 -0.2061023E+00  0.4822004E+00 -0.1200000E+00
   362 -0.2484967E+00  0.4617843E+00 -0.1200000E+00
   363 -0.1668588E+00  0.3903856E+00 -0.1200000E+00
   364 -0.2011809E+00  0.3738568E+00 -0.1200000E+00
   365 -0.1276152E+00  0.2985707E+00 -0.1200000E+00
   366 -0.1538651E+00  0.2859294E+00 -0.1200000E+00
   367 -0.8837170E-01  0.2067558E+00 -0.1200000E+00
   368 -0.1065494E+00  0.1980019E+00 -0.1200000E+00
   369 -0.4912810E-01  0.1149410E+00 -0.1200000E+00
   370 -0.5923360E-01  0.1100744E+00 -0.1200000E+00
   371 -0.2484967E+00  0.4617843E+00 -0.1200000E+00
   372 -0.2888904E+00  0.4376502E+00 -0.1200000E+00
   373 -0.2011809E+00  0.3738568E+00 -0.1200000E+00
   374 -0.2338833E+00  0.3543181E+00 -0.1200000E+00
   375 -0.1538651E+00  0.2859294E+00 -0.1200000E+00
   376 -0.1788763E+00  0.2709860E+00 -0.1200000E+00
   377 -0.1065494E+00  0.1980019E+00 -0.1200000E+00
   378 -0.1238692E+00  0.1876538E+00 -0.1200000E+00
   379 -0.5923360E-01  0.1100744E+00 -0.1200000E+00
   380 -0.6886210E-01  0.1043217E+00 -0.1200000E+00
   381 -0.2888904E+00  0.4376502E+00 -0.1200000E+00
   382 -0.3269581E+00  0.4099924E+00 -0.1200000E+00
   383 -0.2338833E+00  0.3543181E+00 -0.1200000E+00
   384 -0.2647026E+00  0.3319265E+00 -0.1200000E+00
   385 -0.1788763E+00  0.2709860E+00 -0.1200000E+00
   386 -0.2024472E+00  0.2538607E+00 -0.1200000E+00
   387 -0.1238692E+00  0.1876538E+00 -0.1200000E+00
   388 -0.1401917E+00  0.1757948E+00 -0.1200000E+00
   389 -0.6886210E-01  0.1043217E+00 -0.1200000E+00
   390 -0.7793620E-01  0.9772890E-01 -0.1200000E+00
   391 -0.3269581E+00  0.4099924E+00 -0.1200000E+00
   392 -0.3623933E+00  0.3790336E+00 -0.1200000E+00
   393 -0.2647026E+00  0.3319265E+00 -0.1200000E+00
   394 -0.2933907E+00  0.3068625E+00 -0.1200000E+00
   395 -0.2024472E+00  0.2538607E+00 -0.1200000E+00
   396 -0.2243881E+00  0.2346915E+00 -0.1200000E+00
   397 -0.1401917E+00  0.1757948E+00 -0.1200000E+00
   398 -0.1553854E+00  0.1625204E+00 -0.1200000E+00
   399 -0.7793620E-01  0.9772890E-01 -0.1200000E+00
   400 -0.8638280E-01  0.9034930E-01 -0.1200000E+00
   401 -0.3623933E+00  0.3790336E+00 -0.1200000E+00
   402 -0.3949107E+00  0.3450231E+00 -0.1200000E+00
   403 -0.2933907E+00  0.3068625E+00 -0.1200000E+00
   404 -0.3197165E+00  0.2793279E+00 -0.1200000E+00
   405 -0.2243881E+00  0.2346915E+00 -0.1200000E+00
   406 -0.2445223E+00  0.2136327E+00 -0.1200000E+00
   407 -0.1553854E+00  0.1625204E+00 -0.1200000E+00
   408 -0.1693281E+00  0.1479375E+00 -0.1200000E+00
   409 -0.8638280E-01  0.9034930E-01 -0.1200000E+00
   410 -0.9413390E-01  0.8224230E-01 -0.1200000E+00
   411 -0.3949107E+00  0.3450231E+00 -0.1200000E+00
   412 -0.4242485E+00  0.3082346E+00 -0.1200000E+00
   413 -0.3197165E+00  0.2793279E+00 -0.1200000E+00
   414 -0.3434681E+00  0.2495442E+00 -0.1200000E+00
   415 -0.2445223E+00  0.2136327E+00 -0.1200000E+00
   416 -0.2626878E+00  0.1908539E+00 -0.1200000E+00
   417 -0.1693281E+00  0.1479375E+00 -0.1200000E+00
   418 -0.1819075E+00  0.1321635E+00 -0.1200000E+00
   419 -0.9413390E-01  0.8224230E-01 -0.1200000E+00
   420 -0.1011271E+00  0.7347320E-01 -0.1200000E+00
   421 -0.4242485E+00  0.3082346E+00 -0.1200000E+00
   422 -0.4501705E+00  0.2689644E+00 -0.1200000E+00
   423 -0.3434681E+00  0.2495442E+00 -0.1200000E+00
   424 -0.3644544E+00  0.2177514E+00 -0.1200000E+00
   425 -0.2626878E+00  0.1908539E+00 -0.1200000E+00
   426 -0.2787383E+00  0.1665384E+00 -0.1200000E+00
   427 -0.1819075E+00  0.1321635E+00 -0.1200000E+00
   428 -0.1930222E+00  0.1153254E+00 -0.1200000E+00
   429 -0.1011271E+00  0.7347320E-01 -0.1200000E+00
   430 -0.1073061E+00  0.6411240E-01 -0.1200000E+00
   431 -0.4501705E+00  0.2689644E+00 -0.1200000E+00
   432 -0.4724681E+00  0.2275286E+00 -0.1200000E+00
   433 -0.3644544E+00  0.2177514E+00 -0.1200000E+00
   434 -0.3825064E+00  0.1842053E+00 -0.1200000E+00
   435 -0.2787383E+00  0.1665384E+00 -0.1200000E+00
   436 -0.2925446E+00  0.1408820E+00 -0.1200000E+00
   437 -0.1930222E+00  0.1153254E+00 -0.1200000E+00
   438 -0.2025829E+00  0.9755880E-01 -0.1200000E+00
   439 -0.1073061E+00  0.6411240E-01 -0.1200000E+00
   440 -0.1126211E+00  0.5423550E-01 -0.1200000E+00
   441 -0.4724681E+00  0.2275286E+00 -0.1200000E+00
   442 -0.4909616E+00  0.1842610E+00 -0.1200000E+00
   443 -0.3825064E+00  0.1842053E+00 -0.1200000E+00
   444 -0.3974786E+00  0.1491762E+00 -0.1200000E+00
   445 -0.2925446E+00  0.1408820E+00 -0.1200000E+00
   446 -0.3039955E+00  0.1140914E+00 -0.1200000E+00
   447 -0.2025829E+00  0.9755880E-01 -0.1200000E+00
   448 -0.2105125E+00  0.7900660E-01 -0.1200000E+00
   449 -0.1126211E+00  0.5423550E-01 -0.1200000E+00
   450 -0.1170294E+00  0.4392190E-01 -0.1200000E+00
   451 -0.4909616E+00  0.1842610E+00 -0.1200000E+00
   452 -0.5055021E+00  0.1395097E+00 -0.1200000E+00
   453 -0.3974786E+00  0.1491762E+00 -0.1200000E+00
   454 -0.4092504E+00  0.1129459E+00 -0.1200000E+00
   455 -0.3039955E+00  0.1140914E+00 -0.1200000E+00
   456 -0.3129988E+00  0.8638220E-01 -0.1200000E+00
   457 -0.2105125E+00  0.7900660E-01 -0.1200000E+00
   458 -0.2167471E+00  0.5981840E-01 -0.1200000E+00
   459 -0.1170294E+00  0.4392190E-01 -0.1200000E+00
   460 -0.1204954E+00  0.3325460E-01 -0.1200000E+00
   461 -0.5055021E+00  0.1395097E+00 -0.1200000E+00
   462 -0.5159727E+00  0.9363520E-01 -0.1200000E+00
   463 -0.4092504E+00  0.1129459E+00 -0.1200000E+00
   464 -0.4177273E+00  0.7580630E-01 -0.1200000E+00
   465 -0.3129988E+00  0.8638220E-01 -0.1200000E+00
   466 -0.3194819E+00  0.5797740E-01 -0.1200000E+00
   467 -0.2167471E+00  0.5981840E-01 -0.1200000E+00
   468 -0.2212366E+00  0.4014850E-01 -0.1200000E+00
   469 -0.1204954E+00  0.3325460E-01 -0.1200000E+00
   470 -0.1229912E+00  0.2231960E-01 -0.1200000E+00
   471 -0.5159727E+00  0.9363520E-01 -0.1200000E+00
   472 -0.5222889E+00  0.4700680E-01 -0.1200000E+00
   473 -0.4177273E+00  0.7580630E-01 -0.1200000E+00
   474 -0.4228409E+00  0.3805640E-01 -0.1200000E+00
   475 -0.3194819E+00  0.5797740E-01 -0.1200000E+00
   476 -0.3233929E+00  0.2910590E-01 -0.1200000E+00
   477 -0.2212366E+00  0.4014850E-01 -0.1200000E+00
   478 -0.2239448E+00  0.2015540E-01 -0.1200000E+00
   479 -0.1229912E+00  0.2231960E-01 -0.1200000E+00
   480 -0.1244968E+00  0.1120490E-01 -0.1200000E+00
   481 -0.5222889E+00  0.4700680E-01 -0.1200000E+00
   482 -0.5244000E+00  0.0000000E+00 -0.1200000E+00
   483 -0.4228409E+00  0.3805640E-01 -0.1200000E+00
   484 -0.4245500E+00  0.0000000E+00 -0.1200000E+00
   485 -0.3233929E+00  0.2910590E-01 -0.1200000E+00
   486 -0.3247000E+00  0.0000000E+00 -0.1200000E+00
   487 -0.2239448E+00  0.2015540E-01 -0.1200000E+00
   488 -0.2248500E+00  0.0000000E+00 -0.1200000E+00
   489 -0.1244968E+00  0.1120490E-01 -0.1200000E+00
   490 -0.1250000E+00  0.0000000E+00 -0.1200000E+00
   491  0.5222889E+00  0.4700680E-01 -0.1210000E+00
   492  0.5222889E+00  0.4700680E-01 -0.1200000E+00
   493  0.5244000E+00  0.0000000E+00 -0.1210000E+00
   494  0.5244000E+00  0.0000000E+00 -0.1200000E+00
   495  0.5159727E+00  0.9363520E-01 -0.1210000E+00
   496  0.5159727E+00  0.9363520E-01 -0.1200000E+00
   497  0.5222889E+00  0.4700680E-01 -0.1210000E+00
   498  0.5222889E+00  0.4700680E-01 -0.1200000E+00
   499  0.5055021E+00  0.1395097E+00 -0.1210000E+00
   500  0.5055021E+00  0.1395097E+00 -0.1200000E+00
   501  0.5159727E+00  0.9363520E-01 -0.1210000E+00
   502  0.5159727E+00  0.9363520E-01 -0.1200000E+00
   503  0.4909616E+00  0.1842610E+00 -0.1210000E+00
   504  0.4909616E+00  0.1842610E+00 -0.1200000E+00
   505  0.5055021E+00  0.1395097E+00 -0.1210000E+00
   506  0.5055021E+00  0.1395097E+00 -0.1200000E+00
   507  0.4724681E+00  0.2275286E+00 -0.1210000E+00
   508  0.4724681E+00  0.2275286E+00 -0.1200000E+00
   509  0.4909616E+00  0.1842610E+00 -0.1210000E+00
   510  0.4909616E+00  0.1842610E+00 -0.1200000E+00
   511  0.4501705E+00  0.2689644E+00 -0.1210000E+00
   512  0.4501705E+00  0.2689644E+00 -0.1200000E+00
   513  0.4724681E+00  0.2275286E+00 -0.1210000E+00
   514  0.4724681E+00  0.2275286E+00 -0.1200000E+00
   515  0.4242485E+00  0.3082346E+00 -0.1210000E+00
   516  0.4242485E+00  0.3082346E+00 -0.1200000E+00
   517  0.4501705E+00  0.2689644E+00 -0.1210000E+00
   518  0.4501705E+00  0.2689644E+00 -0.1200000E+00
   519  0.3949107E+00  0.3450231E+00 -0.1210000E+00
   520  0.3949107E+00  0.3450231E+00 -0.1200000E+00
   521  0.4242485E+00  0.3082346E+00 -0.1210000E+00
   522  0.4242485E+00  0.3082346E+00 -0.1200000E+00
   523  0.3623933E+00  0.3790336E+00 -0.1210000E+00
   524  0.3623933E+00  0.3790336E+00 -0.1200000E+00
   525  0.3949107E+00  0.3450231E+00 -0.1210000E+00
   526  0.3949107E+00  0.3450231E+00 -0.1200000E+00
   527  0.3269581E+00  0.4099924E+00 -0.1210000E+00
   528  0.3269581E+00  0.4099924E+00 -0.1200000E+00
   529  0.3623933E+00  0.3790336E+00 -0.1210000E+00
   530  0.3623933E+00  0.3790336E+00 -0.1200000E+00
   531  0.2888904E+00  0.4376502E+00 -0.1210000E+00
   532  0.2888904E+00  0.4376502E+00 -0.1200000E+00
   533  0.3269581E+00  0.4099924E+00 -0.1210000E+00
   534  0.3269581E+00  0.4099924E+00 -0.1200000E+00
   535  0.2484967E+00  0.4617843E+00 -0.1210000E+00
   536  0.2484967E+00  0.4617843E+00 -0.1200000E+00
   537  0.2888904E+00  0.4376502E+00 -0.1210000E+00
   538  0.2888904E+00  0.4376502E+00 -0.1200000E+00
   539  0.2061023E+00  0.4822004E+00 -0.1210000E+00
   540  0.2061023E+00  0.4822004E+00 -0.1200000E+00
   541  0.2484967E+00  0.4617843E+00 -0.1210000E+00
   542  0.2484967E+00  0.4617843E+00 -0.1200000E+00
   543  0.1620485E+00  0.4987340E+00 -0.1210000E+00
   544  0.1620485E+00  0.4987340E+00 -0.1200000E+00
   545  0.2061023E+00  0.4822004E+00 -0.1210000E+00
   546  0.2061023E+00  0.4822004E+00 -0.1200000E+00
   547  0.1166900E+00  0.5112522E+00 -0.1210000E+00
   548  0.1166900E+00  0.5112522E+00 -0.1200000E+00
   549  0.1620485E+00  0.4987340E+00 -0.1210000E+00
   550  0.1620485E+00  0.4987340E+00 -0.1200000E+00
   551  0.7039190E-01  0.5196541E+00 -0.1210000E+00
   552  0.7039190E-01  0.5196541E+00 -0.1200000E+00
   553  0.1166900E+00  0.5112522E+00 -0.1210000E+00
   554  0.1166900E+00  0.5112522E+00 -0.1200000E+00
   555  0.2352710E-01  0.5238720E+00 -0.1210000E+00
   556  0.2352710E-01  0.5238720E+00 -0.1200000E+00
   557  0.7039190E-01  0.5196541E+00 -0.1210000E+00
   558  0.7039190E-01  0.5196541E+00 -0.1200000E+00
   559 -0.2352710E-01  0.5238720E+00 -0.1210000E+00
   560 -0.2352710E-01  0.5238720E+00 -0.1200000E+00
   561  0.2352710E-01  0.5238720E+00 -0.1210000E+00
   562  0.2352710E-01  0.5238720E+00 -0.1200000E+00
   563 -0.7039190E-01  0.5196541E+00 -0.1210000E+00
   564 -0.7039190E-01  0.5196541E+00 -0.1200000E+00
   565 -0.2352710E-01  0.5238720E+00 -0.1210000E+00
   566 -0.2352710E-01  0.5238720E+00 -0.1200000E+00
   567 -0.1166900E+00  0.5112522E+00 -0.1210000E+00
   568 -0.1166900E+00  0.5112522E+00 -0.1200000E+00
   569 -0.7039190E-01  0.5196541E+00 -0.1210000E+00
   570 -0.7039190E-01  0.5196541E+00 -0.1200000E+00
   571 -0.1620485E+00  0.4987340E+00 -0.1210000E+00
   572 -0.1620485E+00  0.4987340E+00 -0.1200000E+00
   573 -0.1166900E+00  0.5112522E+00 -0.1210000E+00
   574 -0.1166900E+00  0.5112522E+00 -0.1200000E+00
   575 -0.2061023E+00  0.4822004E+00 -0.1210000E+00
   576 -0.2061023E+00  0.4822004E+00 -0.1200000E+00
   577 -0.1620485E+00  0.4987340E+00 -0.1210000E+00
   578 -0.1620485E+00  0.4987340E+00 -0.1200000E+00
   579 -0.2484967E+00  0.4617843E+00 -0.1210000E+00
   580 -0.2484967E+00  0.4617843E+00 -0.1200000E+00
   581 -0.2061023E+00  0.4822004E+00 -0.1210000E+00
   582 -0.2061023E+00  0.4822004E+00 -0.1200000E+00
   583 -0.2888904E+00  0.4376502E+00 -0.1210000E+00
   584 -0.2888904E+00  0.4376502E+00 -0.1200000E+00
   585 -0.2484967E+00  0.4617843E+00 -0.1210000E+00
   586 -0.2484967E+00  0.4617843E+00 -0.1200000E+00
   587 -0.3269581E+00  0.4099924E+00 -0.1210000E+00
   588 -0.3269581E+00  0.4099924E+00 -0.1200000E+00
   589 -0.2888904E+00  0.4376502E+00 -0.1210000E+00
   590 -0.2888904E+00  0.4376502E+00 -0.1200000E+00
   591 -0.3623933E+00  0.3790336E+00 -0.1210000E+00
   592 -0.3623933E+00  0.3790336E+00 -0.1200000E+00
   593 -0.3269581E+00  0.4099924E+00 -0.1210000E+00
   594 -0.3269581E+00  0.4099924E+00 -0.1200000E+00
   595 -0.3949107E+00  0.3450231E+00 -0.1210000E+00
   596 -0.3949107E+00  0.3450231E+00 -0.1200000E+00
   597 -0.3623933E+00  0.3790336E+00 -0.1210000E+00
   598 -0.3623933E+00  0.3790336E+00 -0.1200000E+00
   599 -0.4242485E+00  0.3082346E+00 -0.1210000E+00
   600 -0.4242485E+00  0.3082346E+00 -0.1200000E+00
   601 -0.3949107E+00  0.3450231E+00 -0.1210000E+00
   602 -0.3949107E+00  0.3450231E+00 -0.1200000E+00
   603 -0.4501705E+00  0.2689644E+00 -0.1210000E+00
   604 -0.4501705E+00  0.2689644E+00 -0.1200000E+00
   605 -0.4242485E+00  0.3082346E+00 -0.1210000E+00
   606 -0.4242485E+00  0.3082346E+00 -0.1200000E+00
   607 -0.4724681E+00  0.2275286E+00 -0.1210000E+00
   608 -0.4724681E+00  0.2275286E+00 -0.1200000E+00
   609 -0.4501705E+00  0.2689644E+00 -0.1210000E+00
   610 -0.4501705E+00  0.2689644E+00 -0.1200000E+00
   611 -0.4909616E+00  0.1842610E+00 -0.1210000E+00
   612 -0.4909616E+00  0.1842610E+00 -0.1200000E+00
   613 -0.4724681E+00  0.2275286E+00 -0.1210000E+00
   614 -0.4724681E+00  0.2275286E+00 -0.1200000E+00
   615 -0.5055021E+00  0.1395097E+00 -0.1210000E+00
   616 -0.5055021E+00  0.1395097E+00 -0.1200000E+00
   617 -0.4909616E+00  0.1842610E+00 -0.1210000E+00
   618 -0.4909616E+00  0.1842610E+00 -0.1200000E+00
   619 -0.5159727E+00  0.9363520E-01 -0.1210000E+00
   620 -0.5159727E+00  0.9363520E-01 -0.1200000E+00
   621 -0.5055021E+00  0.1395097E+00 -0.1210000E+00
   622 -0.5055021E+00  0.1395097E+00 -0.1200000E+00
   623 -0.5222889E+00  0.4700680E-01 -0.1210000E+00
   624 -0.5222889E+00  0.4700680E-01 -0.1200000E+00
   625 -0.5159727E+00  0.9363520E-01 -0.1210000E+00
   626 -0.5159727E+00  0.9363520E-01 -0.1200000E+00
   627 -0.5244000E+00  0.0000000E+00 -0.1210000E+00
   628 -0.5244000E+00  0.0000000E+00 -0.1200000E+00
   629 -0.5222889E+00  0.4700680E-01 -0.1210000E+00
   630 -0.5222889E+00  0.4700680E-01 -0.1200000E+00
   631  0.0000000E+00  0.0000000E+00 -0.1210000E+00
   632  0.0000000E+00  0.0000000E+00 -0.1210000E+00
   633  0.1311000E+00  0.0000000E+00 -0.1210000E+00
   634  0.1305722E+00  0.1175170E-01 -0.1210000E+00
   635  0.2622000E+00  0.0000000E+00 -0.1210000E+00
   636  0.2611445E+00  0.2350340E-01 -0.1210000E+00
   637  0.3933000E+00  0.0000000E+00 -0.1210000E+00
   638  0.3917167E+00  0.3525510E-01 -0.1210000E+00
   639  0.5244000E+00  0.0000000E+00 -0.1210000E+00
   640  0.5222889E+00  0.4700680E-01 -0.1210000E+00
   641  0.0000000E+00  0.0000000E+00 -0.1210000E+00
   642  0.0000000E+00  0.0000000E+00 -0.1210000E+00
   643  0.1305722E+00  0.1175170E-01 -0.1210000E+00
   644  0.1289932E+00  0.2340880E-01 -0.1210000E+00
   645  0.2611445E+00  0.2350340E-01 -0.1210000E+00
   646  0.2579863E+00  0.4681760E-01 -0.1210000E+00
   647  0.3917167E+00  0.3525510E-01 -0.1210000E+00
   648  0.3869795E+00  0.7022640E-01 -0.1210000E+00
   649  0.5222889E+00  0.4700680E-01 -0.1210000E+00
   650  0.5159727E+00  0.9363520E-01 -0.1210000E+00
   651  0.0000000E+00  0.0000000E+00 -0.1210000E+00
   652  0.0000000E+00  0.0000000E+00 -0.1210000E+00
   653  0.1289932E+00  0.2340880E-01 -0.1210000E+00
   654  0.1263755E+00  0.3487740E-01 -0.1210000E+00
   655  0.2579863E+00  0.4681760E-01 -0.1210000E+00
   656  0.2527511E+00  0.6975480E-01 -0.1210000E+00
   657  0.3869795E+00  0.7022640E-01 -0.1210000E+00
   658  0.3791266E+00  0.1046323E+00 -0.1210000E+00
   659  0.5159727E+00  0.9363520E-01 -0.1210000E+00
   660  0.5055021E+00  0.1395097E+00 -0.1210000E+00
   661  0.0000000E+00  0.0000000E+00 -0.1210000E+00
   662  0.0000000E+00  0.0000000E+00 -0.1210000E+00
   663  0.1263755E+00  0.3487740E-01 -0.1210000E+00
   664  0.1227404E+00  0.4606520E-01 -0.1210000E+00
   665  0.2527511E+00  0.6975480E-01 -0.1210000E+00
   666  0.2454808E+00  0.9213050E-01 -0.1210000E+00
   667  0.3791266E+00  0.1046323E+00 -0.1210000E+00
   668  0.3682212E+00  0.1381958E+00 -0.1210000E+00
   669  0.5055021E+00  0.1395097E+00 -0.1210000E+00
   670  0.4909616E+00  0.1842610E+00 -0.1210000E+00
   671  0.0000000E+00  0.0000000E+00 -0.1210000E+00
   672  0.0000000E+00  0.0000000E+00 -0.1210000E+00
   673  0.1227404E+00  0.4606520E-01 -0.1210000E+00
   674  0.1181170E+00  0.5688220E-01 -0.1210000E+00
   675  0.2454808E+00  0.9213050E-01 -0.1210000E+00
   676  0.2362341E+00  0.1137643E+00 -0.1210000E+00
   677  0.3682212E+00  0.1381958E+00 -0.1210000E+00
   678  0.3543511E+00  0.1706465E+00 -0.1210000E+00
   679  0.4909616E+00  0.1842610E+00 -0.1210000E+00
   680  0.4724681E+00  0.2275286E+00 -0.1210000E+00
   681  0.0000000E+00  0.0000000E+00 -0.1210000E+00
   682  0.0000000E+00  0.0000000E+00 -0.1210000E+00
   683  0.1181170E+00  0.5688220E-01 -0.1210000E+00
   684  0.1125426E+00  0.6724110E-01 -0.1210000E+00
   685  0.2362341E+00  0.1137643E+00 -0.1210000E+00
   686  0.2250852E+00  0.1344822E+00 -0.1210000E+00
   687  0.3543511E+00  0.1706465E+00 -0.1210000E+00
   688  0.3376279E+00  0.2017233E+00 -0.1210000E+00
   689  0.4724681E+00  0.2275286E+00 -0.1210000E+00
   690  0.4501705E+00  0.2689644E+00 -0.1210000E+00
   691  0.0000000E+00  0.0000000E+00 -0.1210000E+00
   692  0.0000000E+00  0.0000000E+00 -0.1210000E+00
   693  0.1125426E+00  0.6724110E-01 -0.1210000E+00
   694  0.1060621E+00  0.7705870E-01 -0.1210000E+00
   695  0.2250852E+00  0.1344822E+00 -0.1210000E+00
   696  0.2121242E+00  0.1541173E+00 -0.1210000E+00
   697  0.3376279E+00  0.2017233E+00 -0.1210000E+00
   698  0.3181864E+00  0.2311760E+00 -0.1210000E+00
   699  0.4501705E+00  0.2689644E+00 -0.1210000E+00
   700  0.4242485E+00  0.3082346E+00 -0.1210000E+00
   701  0.0000000E+00  0.0000000E+00 -0.1210000E+00
   702  0.0000000E+00  0.0000000E+00 -0.1210000E+00
   703  0.1060621E+00  0.7705870E-01 -0.1210000E+00
   704  0.9872770E-01  0.8625580E-01 -0.1210000E+00
   705  0.2121242E+00  0.1541173E+00 -0.1210000E+00
   706  0.1974553E+00  0.1725115E+00 -0.1210000E+00
   707  0.3181864E+00  0.2311760E+00 -0.1210000E+00
   708  0.2961830E+00  0.2587673E+00 -0.1210000E+00
   709  0.4242485E+00  0.3082346E+00 -0.1210000E+00
   710  0.3949107E+00  0.3450231E+00 -0.1210000E+00
   711  0.0000000E+00  0.0000000E+00 -0.1210000E+00
   712  0.0000000E+00  0.0000000E+00 -0.1210000E+00
   713  0.9872770E-01  0.8625580E-01 -0.1210000E+00
   714  0.9059830E-01  0.9475840E-01 -0.1210000E+00
   715  0.1974553E+00  0.1725115E+00 -0.1210000E+00
   716  0.1811966E+00  0.1895168E+00 -0.1210000E+00
   717  0.2961830E+00  0.2587673E+00 -0.1210000E+00
   718  0.2717950E+00  0.2842752E+00 -0.1210000E+00
   719  0.3949107E+00  0.3450231E+00 -0.1210000E+00
   720  0.3623933E+00  0.3790336E+00 -0.1210000E+00
   721  0.0000000E+00  0.0000000E+00 -0.1210000E+00
   722  0.0000000E+00  0.0000000E+00 -0.1210000E+00
   723  0.9059830E-01  0.9475840E-01 -0.1210000E+00
   724  0.8173950E-01  0.1024981E+00 -0.1210000E+00
   725  0.1811966E+00  0.1895168E+00 -0.1210000E+00
   726  0.1634790E+00  0.2049962E+00 -0.1210000E+00
   727  0.2717950E+00  0.2842752E+00 -0.1210000E+00
   728  0.2452186E+00  0.3074943E+00 -0.1210000E+00
   729  0.3623933E+00  0.3790336E+00 -0.1210000E+00
   730  0.3269581E+00  0.4099924E+00 -0.1210000E+00
   731  0.0000000E+00  0.0000000E+00 -0.1210000E+00
   732  0.0000000E+00  0.0000000E+00 -0.1210000E+00
   733  0.8173950E-01  0.1024981E+00 -0.1210000E+00
   734  0.7222260E-01  0.1094126E+00 -0.1210000E+00
   735  0.1634790E+00  0.2049962E+00 -0.1210000E+00
   736  0.1444452E+00  0.2188251E+00 -0.1210000E+00
   737  0.2452186E+00  0.3074943E+00 -0.1210000E+00
   738  0.2166678E+00  0.3282377E+00 -0.1210000E+00
   739  0.3269581E+00  0.4099924E+00 -0.1210000E+00
   740  0.2888904E+00  0.4376502E+00 -0.1210000E+00
   741  0.0000000E+00  0.0000000E+00 -0.1210000E+00
   742  0.0000000E+00  0.0000000E+00 -0.1210000E+00
   743  0.7222260E-01  0.1094126E+00 -0.1210000E+00
   744  0.6212420E-01  0.1154461E+00 -0.1210000E+00
   745  0.1444452E+00  0.2188251E+00 -0.1210000E+00
   746  0.1242483E+00  0.2308922E+00 -0.1210000E+00
   747  0.2166678E+00  0.3282377E+00 -0.1210000E+00
   748  0.1863725E+00  0.3463382E+00 -0.1210000E+00
   749  0.2888904E+00  0.4376502E+00 -0.1210000E+00
   750  0.2484967E+00  0.4617843E+00 -0.1210000E+00
   751  0.0000000E+00  0.0000000E+00 -0.1210000E+00
   752  0.0000000E+00  0.0000000E+00 -0.1210000E+00
   753  0.6212420E-01  0.1154461E+00 -0.1210000E+00
   754  0.5152560E-01  0.1205501E+00 -0.1210000E+00
   755  0.1242483E+00  0.2308922E+00 -0.1210000E+00
   756  0.1030511E+00  0.2411002E+00 -0.1210000E+00
   757  0.1863725E+00  0.3463382E+00 -0.1210000E+00
   758  0.1545767E+00  0.3616503E+00 -0.1210000E+00
   759  0.2484967E+00  0.4617843E+00 -0.1210000E+00
   760  0.2061023E+00  0.4822004E+00 -0.1210000E+00
   761  0.0000000E+00  0.0000000E+00 -0.1210000E+00
   762  0.0000000E+00  0.0000000E+00 -0.1210000E+00
   763  0.5152560E-01  0.1205501E+00 -0.1210000E+00
   764  0.4051210E-01  0.1246835E+00 -0.1210000E+00
   765  0.1030511E+00  0.2411002E+00 -0.1210000E+00
   766  0.8102430E-01  0.2493670E+00 -0.1210000E+00
   767  0.1545767E+00  0.3616503E+00 -0.1210000E+00
   768  0.1215364E+00  0.3740505E+00 -0.1210000E+00
   769  0.2061023E+00  0.4822004E+00 -0.1210000E+00
   770  0.1620485E+00  0.4987340E+00 -0.1210000E+00
   771  0.0000000E+00  0.0000000E+00 -0.1210000E+00
   772  0.0000000E+00  0.0000000E+00 -0.1210000E+00
   773  0.4051210E-01  0.1246835E+00 -0.1210000E+00
   774  0.2917250E-01  0.1278131E+00 -0.1210000E+00
   775  0.8102430E-01  0.2493670E+00 -0.1210000E+00
   776  0.5834500E-01  0.2556261E+00 -0.1210000E+00
   777  0.1215364E+00  0.3740505E+00 -0.1210000E+00
   778  0.8751750E-01  0.3834392E+00 -0.1210000E+00
   779  0.1620485E+00  0.4987340E+00 -0.1210000E+00
   780  0.1166900E+00  0.5112522E+00 -0.1210000E+00
   781  0.0000000E+00  0.0000000E+00 -0.1210000E+00
   782  0.0000000E+00  0.0000000E+00 -0.1210000E+00
   783  0.2917250E-01  0.1278131E+00 -0.1210000E+00
   784  0.1759800E-01  0.1299135E+00 -0.1210000E+00
   785  0.5834500E-01  0.2556261E+00 -0.1210000E+00
   786  0.3519600E-01  0.2598270E+00 -0.1210000E+00
   787  0.8751750E-01  0.3834392E+00 -0.1210000E+00
   788  0.5279390E-01  0.3897406E+00 -0.1210000E+00
   789  0.1166900E+00  0.5112522E+00 -0.1210000E+00
   790  0.7039190E-01  0.5196541E+00 -0.1210000E+00
   791  0.0000000E+00  0.0000000E+00 -0.1210000E+00
   792  0.0000000E+00  0.0000000E+00 -0.1210000E+00
   793  0.1759800E-01  0.1299135E+00 -0.1210000E+00
   794  0.5881800E-02  0.1309680E+00 -0.1210000E+00
   795  0.3519600E-01  0.2598270E+00 -0.1210000E+00
   796  0.1176360E-01  0.2619360E+00 -0.1210000E+00
   797  0.5279390E-01  0.3897406E+00 -0.1210000E+00
   798  0.1764530E-01  0.3929040E+00 -0.1210000E+00
   799  0.7039190E-01  0.5196541E+00 -0.1210000E+00
   800  0.2352710E-01  0.5238720E+00 -0.1210000E+00
   801  0.0000000E+00  0.0000000E+00 -0.1210000E+00
   802  0.0000000E+00  0.0000000E+00 -0.1210000E+00
   803  0.5881800E-02  0.1309680E+00 -0.1210000E+00
   804 -0.5881800E-02  0.1309680E+00 -0.1210000E+00
   805  0.1176360E-01  0.2619360E+00 -0.1210000E+00
   806 -0.1176360E-01  0.2619360E+00 -0.1210000E+00
   807  0.1764530E-01  0.3929040E+00 -0.1210000E+00
   808 -0.1764530E-01  0.3929040E+00 -0.1210000E+00
   809  0.2352710E-01  0.5238720E+00 -0.1210000E+00
   810 -0.2352710E-01  0.5238720E+00 -0.1210000E+00
   811  0.0000000E+00  0.0000000E+00 -0.1210000E+00
   812  0.0000000E+00  0.0000000E+00 -0.1210000E+00
   813 -0.5881800E-02  0.1309680E+00 -0.1210000E+00
   814 -0.1759800E-01  0.1299135E+00 -0.1210000E+00
   815 -0.1176360E-01  0.2619360E+00 -0.1210000E+00
   816 -0.3519600E-01  0.2598270E+00 -0.1210000E+00
   817 -0.1764530E-01  0.3929040E+00 -0.1210000E+00
   818 -0.5279390E-01  0.3897406E+00 -0.1210000E+00
   819 -0.2352710E-01  0.5238720E+00 -0.1210000E+00
   820 -0.7039190E-01  0.5196541E+00 -0.1210000E+00
   821  0.0000000E+00  0.0000000E+00 -0.1210000E+00
   822  0.0000000E+00  0.0000000E+00 -0.1210000E+00
   823 -0.1759800E-01  0.1299135E+00 -0.1210000E+00
   824 -0.2917250E-01  0.1278131E+00 -0.1210000E+00
   825 -0.3519600E-01  0.2598270E+00 -0.1210000E+00
   826 -0.5834500E-01  0.2556261E+00 -0.1210000E+00
   827 -0.5279390E-01  0.3897406E+00 -0.1210000E+00
   828 -0.8751750E-01  0.3834392E+00 -0.1210000E+00
   829 -0.7039190E-01  0.5196541E+00 -0.1210000E+00
   830 -0.1166900E+00  0.5112522E+00 -0.1210000E+00
   831  0.0000000E+00  0.0000000E+00 -0.1210000E+00
   832  0.0000000E+00  0.0000000E+00 -0.1210000E+00
   833 -0.2917250E-01  0.1278131E+00 -0.1210000E+00
   834 -0.4051210E-01  0.1246835E+00 -0.1210000E+00
   835 -0.5834500E-01  0.2556261E+00 -0.1210000E+00
   836 -0.8102430E-01  0.2493670E+00 -0.1210000E+00
   837 -0.8751750E-01  0.3834392E+00 -0.1210000E+00
   838 -0.1215364E+00  0.3740505E+00 -0.1210000E+00
   839 -0.1166900E+00  0.5112522E+00 -0.1210000E+00
   840 -0.1620485E+00  0.4987340E+00 -0.1210000E+00
   841  0.0000000E+00  0.0000000E+00 -0.1210000E+00
   842  0.0000000E+00  0.0000000E+00 -0.1210000E+00
   843 -0.4051210E-01  0.1246835E+00 -0.1210000E+00
   844 -0.5152560E-01  0.1205501E+00 -0.1210000E+00
   845 -0.8102430E-01  0.2493670E+00 -0.1210000E+00
   846 -0.1030511E+00  0.2411002E+00 -0.1210000E+00
   847 -0.1215364E+00  0.3740505E+00 -0.1210000E+00
   848 -0.1545767E+00  0.3616503E+00 -0.1210000E+00
   849 -0.1620485E+00  0.4987340E+00 -0.1210000E+00
   850 -0.2061023E+00  0.4822004E+00 -0.1210000E+00
   851  0.0000000E+00  0.0000000E+00 -0.1210000E+00
   852  0.0000000E+00  0.0000000E+00 -0.1210000E+00
   853 -0.5152560E-01  0.1205501E+00 -0.1210000E+00
   854 -0.6212420E-01  0.1154461E+00 -0.1210000E+00
   855 -0.1030511E+00  0.2411002E+00 -0.1210000E+00
   856 -0.1242483E+00  0.2308922E+00 -0.1210000E+00
   857 -0.1545767E+00  0.3616503E+00 -0.1210000E+00
   858 -0.1863725E+00  0.3463382E+00 -0.1210000E+00
   859 -0.2061023E+00  0.4822004E+00 -0.1210000E+00
   860 -0.2484967E+00  0.4617843E+00 -0.1210000E+00
   861  0.0000000E+00  0.0000000E+00 -0.1210000E+00
   862  0.0000000E+00  0.0000000E+00 -0.1210000E+00
   863 -0.6212420E-01  0.1154461E+00 -0.1210000E+00
   864 -0.7222260E-01  0.1094126E+00 -0.1210000E+00
   865 -0.1242483E+00  0.2308922E+00 -0.1210000E+00
   866 -0.1444452E+00  0.2188251E+00 -0.1210000E+00
   867 -0.1863725E+00  0.3463382E+00 -0.1210000E+00
   868 -0.2166678E+00  0.3282377E+00 -0.1210000E+00
   869 -0.2484967E+00  0.4617843E+00 -0.1210000E+00
   870 -0.2888904E+00  0.4376502E+00 -0.1210000E+00
   871  0.0000000E+00  0.0000000E+00 -0.1210000E+00
   872  0.0000000E+00  0.0000000E+00 -0.1210000E+00
   873 -0.7222260E-01  0.1094126E+00 -0.1210000E+00
   874 -0.8173950E-01  0.1024981E+00 -0.1210000E+00
   875 -0.1444452E+00  0.2188251E+00 -0.1210000E+00
   876 -0.1634790E+00  0.2049962E+00 -0.1210000E+00
   877 -0.2166678E+00  0.3282377E+00 -0.1210000E+00
   878 -0.2452186E+00  0.3074943E+00 -0.1210000E+00
   879 -0.2888904E+00  0.4376502E+00 -0.1210000E+00
   880 -0.3269581E+00  0.4099924E+00 -0.1210000E+00
   881  0.0000000E+00  0.0000000E+00 -0.1210000E+00
   882  0.0000000E+00  0.0000000E+00 -0.1210000E+00
   883 -0.8173950E-01  0.1024981E+00 -0.1210000E+00
   884 -0.9059830E-01  0.9475840E-01 -0.1210000E+00
   885 -0.1634790E+00  0.2049962E+00 -0.1210000E+00
   886 -0.1811966E+00  0.1895168E+00 -0.1210000E+00
   887 -0.2452186E+00  0.3074943E+00 -0.1210000E+00
   888 -0.2717950E+00  0.2842752E+00 -0.1210000E+00
   889 -0.3269581E+00  0.4099924E+00 -0.1210000E+00
   890 -0.3623933E+00  0.3790336E+00 -0.1210000E+00
   891  0.0000000E+00  0.0000000E+00 -0.1210000E+00
   892  0.0000000E+00  0.0000000E+00 -0.1210000E+00
   893 -0.9059830E-01  0.9475840E-01 -0.1210000E+00
   894 -0.9872770E-01  0.8625580E-01 -0.1210000E+00
   895 -0.1811966E+00  0.1895168E+00 -0.1210000E+00
   896 -0.1974553E+00  0.1725115E+00 -0.1210000E+00
   897 -0.2717950E+00  0.2842752E+00 -0.1210000E+00
   898 -0.2961830E+00  0.2587673E+00 -0.1210000E+00
   899 -0.3623933E+00  0.3790336E+00 -0.1210000E+00
   900 -0.3949107E+00  0.3450231E+00 -0.1210000E+00
   901  0.0000000E+00  0.0000000E+00 -0.1210000E+00
   902  0.0000000E+00  0.0000000E+00 -0.1210000E+00
   903 -0.9872770E-01  0.8625580E-01 -0.1210000E+00
   904 -0.1060621E+00  0.7705870E-01 -0.1210000E+00
   905 -0.1974553E+00  0.1725115E+00 -0.1210000E+00
   906 -0.2121242E+00  0.1541173E+00 -0.1210000E+00
   907 -0.2961830E+00  0.2587673E+00 -0.1210000E+00
   908 -0.3181864E+00  0.2311760E+00 -0.1210000E+00
   909 -0.3949107E+00  0.3450231E+00 -0.1210000E+00
   910 -0.4242485E+00  0.3082346E+00 -0.1210000E+00
   911  0.0000000E+00  0.0000000E+00 -0.1210000E+00
   912  0.0000000E+00  0.0000000E+00 -0.1210000E+00
   913 -0.1060621E+00  0.7705870E-01 -0.1210000E+00
   914 -0.1125426E+00  0.6724110E-01 -0.1210000E+00
   915 -0.2121242E+00  0.1541173E+00 -0.1210000E+00
   916 -0.2250852E+00  0.1344822E+00 -0.1210000E+00
   917 -0.3181864E+00  0.2311760E+00 -0.1210000E+00
   918 -0.3376279E+00  0.2017233E+00 -0.1210000E+00
   919 -0.4242485E+00  0.3082346E+00 -0.1210000E+00
   920 -0.4501705E+00  0.2689644E+00 -0.1210000E+00
   921  0.0000000E+00  0.0000000E+00 -0.1210000E+00
   922  0.0000000E+00  0.0000000E+00 -0.1210000E+00
   923 -0.1125426E+00  0.6724110E-01 -0.1210000E+00
   924 -0.1181170E+00  0.5688220E-01 -0.1210000E+00
   925 -0.2250852E+00  0.1344822E+00 -0.1210000E+00
   926 -0.2362341E+00  0.1137643E+00 -0.1210000E+00
   927 -0.3376279E+00  0.2017233E+00 -0.1210000E+00
   928 -0.3543511E+00  0.1706465E+00 -0.1210000E+00
   929 -0.4501705E+00  0.2689644E+00 -0.1210000E+00
   930 -0.4724681E+00  0.2275286E+00 -0.1210000E+00
   931  0.0000000E+00  0.0000000E+00 -0.1210000E+00
   932  0.0000000E+00  0.0000000E+00 -0.1210000E+00
   933 -0.1181170E+00  0.5688220E-01 -0.1210000E+00
   934 -0.1227404E+00  0.4606520E-01 -0.1210000E+00
   935 -0.2362341E+00  0.1137643E+00 -0.1210000E+00
   936 -0.2454808E+00  0.9213050E-01 -0.1210000E+00
   937 -0.3543511E+00  0.1706465E+00 -0.1210000E+00
   938 -0.3682212E+00  0.1381958E+00 -0.1210000E+00
   939 -0.4724681E+00  0.2275286E+00 -0.1210000E+00
   940 -0.4909616E+00  0.1842610E+00 -0.1210000E+00
   941  0.0000000E+00  0.0000000E+00 -0.1210000E+00
   942  0.0000000E+00  0.0000000E+00 -0.1210000E+00
   943 -0.1227404E+00  0.4606520E-01 -0.1210000E+00
   944 -0.1263755E+00  0.3487740E-01 -0.1210000E+00
   945 -0.2454808E+00  0.9213050E-01 -0.1210000E+00
   946 -0.2527511E+00  0.6975480E-01 -0.1210000E+00
   947 -0.3682212E+00  0.1381958E+00 -0.1210000E+00
   948 -0.3791266E+00  0.1046323E+00 -0.1210000E+00
   949 -0.4909616E+00  0.1842610E+00 -0.1210000E+00
   950 -0.5055021E+00  0.1395097E+00 -0.1210000E+00
   951  0.0000000E+00  0.0000000E+00 -0.1210000E+00
   952  0.0000000E+00  0.0000000E+00 -0.1210000E+00
   953 -0.1263755E+00  0.3487740E-01 -0.1210000E+00
   954 -0.1289932E+00  0.2340880E-01 -0.1210000E+00
   955 -0.2527511E+00  0.6975480E-01 -0.1210000E+00
   956 -0.2579863E+00  0.4681760E-01 -0.1210000E+00
   957 -0.3791266E+00  0.1046323E+00 -0.1210000E+00
   958 -0.3869795E+00  0.7022640E-01 -0.1210000E+00
   959 -0.5055021E+00  0.1395097E+00 -0.1210000E+00
   960 -0.5159727E+00  0.9363520E-01 -0.1210000E+00
   961  0.0000000E+00  0.0000000E+00 -0.1210000E+00
   962  0.0000000E+00  0.0000000E+00 -0.1210000E+00
   963 -0.1289932E+00  0.2340880E-01 -0.1210000E+00
   964 -0.1305722E+00  0.1175170E-01 -0.1210000E+00
   965 -0.2579863E+00  0.4681760E-01 -0.1210000E+00
   966 -0.2611445E+00  0.2350340E-01 -0.1210000E+00
   967 -0.3869795E+00  0.7022640E-01 -0.1210000E+00
   968 -0.3917167E+00  0.3525510E-01 -0.1210000E+00
   969 -0.5159727E+00  0.9363520E-01 -0.1210000E+00
   970 -0.5222889E+00  0.4700680E-01 -0.1210000E+00
   971  0.0000000E+00  0.0000000E+00 -0.1210000E+00
   972  0.0000000E+00  0.0000000E+00 -0.1210000E+00
   973 -0.1305722E+00  0.1175170E-01 -0.1210000E+00
   974 -0.1311000E+00  0.0000000E+00 -0.1210000E+00
   975 -0.2611445E+00  0.2350340E-01 -0.1210000E+00
   976 -0.2622000E+00  0.0000000E+00 -0.1210000E+00
   977 -0.3917167E+00  0.3525510E-01 -0.1210000E+00
   978 -0.3933000E+00  0.0000000E+00 -0.1210000E+00
   979 -0.5222889E+00  0.4700680E-01 -0.1210000E+00
   980 -0.5244000E+00  0.0000000E+00 -0.1210000E+00
     0  0.0000000E+00  0.0000000E+00  0.0000000E+00
      1      2      4      3
      5      6      8      7
      9     10     12     11
     13     14     16     15
     17     18     20     19
     21     22     24     23
     25     26     28     27
     29     30     32     31
     33     34     36     35
     37     38     40     39
     41     42     44     43
     45     46     48     47
     49     50     52     51
     53     54     56     55
     57     58     60     59
     61     62     64     63
     65     66     68     67
     69     70     72     71
     73     74     76     75
     77     78     80     79
     81     82     84     83
     85     86     88     87
     89     90     92     91
     93     94     96     95
     97     98    100     99
    101    102    104    103
    105    106    108    107
    109    110    112    111
    113    114    116    115
    117    118    120    119
    121    122    124    123
    125    126    128    127
    129    130    132    131
    133    134    136    135
    137    138    140    139
    141    142    144    143
    143    144    146    145
    145    146    148    147
    147    148    150    149
    151    152    154    153
    153    154    156    155
    155    156    158    157
    157    158    160    159
    161    162    164    163
    163    164    166    165
    165    166    168    167
    167    168    170    169
    171    172    174    173
    173    174    176    175
    175    176    178    177
    177    178    180    179
    181    182    184    183
    183    184    186    185
    185    186    188    187
    187    188    190    189
    191    192    194    193
    193    194    196    195
    195    196    198    197
    197    198    200    199
    201    202    204    203
    203    204    206    205
    205    206    208    207
    207    208    210    209
    211    212    214    213
    213    214    216    215
    215    216    218    217
    217    218    220    219
    221    222    224    223
    223    224    226    225
    225    226    228    227
    227    228    230    229
    231    232    234    233
    233    234    236    235
    235    236    238    237
    237    238    240    239
    241    242    244    243
    243    244    246    245
    245    246    248    247
    247    248    250    249
    251    252    254    253
    253    254    256    255
    255    256    258    257
    257    258    260    259
    261    262    264    263
    263    264    266    265
    265    266    268    267
    267    268    270    269
    271    272    274    273
    273    274    276    275
    275    276    278    277
    277    278    280    279
    281    282    284    283
    283    284    286    285
    285    286    288    287
    287    288    290    289
    291    292    294    293
    293    294    296    295
    295    296    298    297
    297    298    300    299
    301    302    304    303
    303    304    306    305
    305    306    308    307
    307    308    310    309
    311    312    314    313
    313    314    316    315
    315    316    318    317
    317    318    320    319
    321    322    324    323
    323    324    326    325
    325    326    328    327
    327    328    330    329
    331    332    334    333
    333    334    336    335
    335    336    338    337
    337    338    340    339
    341    342    344    343
    343    344    346    345
    345    346    348    347
    347    348    350    349
    351    352    354    353
    353    354    356    355
    355    356    358    357
    357    358    360    359
    361    362    364    363
    363    364    366    365
    365    366    368    367
    367    368    370    369
    371    372    374    373
    373    374    376    375
    375    376    378    377
    377    378    380    379
    381    382    384    383
    383    384    386    385
    385    386    388    387
    387    388    390    389
    391    392    394    393
    393    394    396    395
    395    396    398    397
    397    398    400    399
    401    402    404    403
    403    404    406    405
    405    406    408    407
    407    408    410    409
    411    412    414    413
    413    414    416    415
    415    416    418    417
    417    418    420    419
    421    422    424    423
    423    424    426    425
    425    426    428    427
    427    428    430    429
    431    432    434    433
    433    434    436    435
    435    436    438    437
    437    438    440    439
    441    442    444    443
    443    444    446    445
    445    446    448    447
    447    448    450    449
    451    452    454    453
    453    454    456    455
    455    456    458    457
    457    458    460    459
    461    462    464    463
    463    464    466    465
    465    466    468    467
    467    468    470    469
    471    472    474    473
    473    474    476    475
    475    476    478    477
    477    478    480    479
    481    482    484    483
    483    484    486    485
    485    486    488    487
    487    488    490    489
    491    492    494    493
    495    496    498    497
    499    500    502    501
    503    504    506    505
    507    508    510    509
    511    512    514    513
    515    516    518    517
    519    520    522    521
    523    524    526    525
    527    528    530    529
    531    532    534    533
    535    536    538    537
    539    540    542    541
    543    544    546    545
    547    548    550    549
    551    552    554    553
    555    556    558    557
    559    560    562    561
    563    564    566    565
    567    568    570    569
    571    572    574    573
    575    576    578    577
    579    580    582    581
    583    584    586    585
    587    588    590    589
    591    592    594    593
    595    596    598    597
    599    600    602    601
    603    604    606    605
    607    608    610    609
    611    612    614    613
    615    616    618    617
    619    620    622    621
    623    624    626    625
    627    628    630    629
    631    632    634    633
    633    634    636    635
    635    636    638    637
    637    638    640    639
    641    642    644    643
    643    644    646    645
    645    646    648    647
    647    648    650    649
    651    652    654    653
    653    654    656    655
    655    656    658    657
    657    658    660    659
    661    662    664    663
    663    664    666    665
    665    666    668    667
    667    668    670    669
    671    672    674    673
    673    674    676    675
    675    676    678    677
    677    678    680    679
    681    682    684    683
    683    684    686    685
    685    686    688    687
    687    688    690    689
    691    692    694    693
    693    694    696    695
    695    696    698    697
    697    698    700    699
    701    702    704    703
    703    704    706    705
    705    706    708    707
    707    708    710    709
    711    712    714    713
    713    714    716    715
    715    716    718    717
    717    718    720    719
    721    722    724    723
    723    724    726    725
    725    726    728    727
    727    728    730    729
    731    732    734    733
    733    734    736    735
    735    736    738    737
    737    738    740    739
    741    742    744    743
    743    744    746    745
    745    746    748    747
    747    748    750    749
    751    752    754    753
    753    754    756    755
    755    756    758    757
    757    758    760    759
    761    762    764    763
    763    764    766    765
    765    766    768    767
    767    768    770    769
    771    772    774    773
    773    774    776    775
    775    776    778    777
    777    778    780    779
    781    782    784    783
    783    784    786    785
    785    786    788    787
    787    788    790    789
    791    792    794    793
    793    794    796    795
    795    796    798    797
    797    798    800    799
    801    802    804    803
    803    804    806    805
    805    806    808    807
    807    808    810    809
    811    812    814    813
    813    814    816    815
    815    816    818    817
    817    818    820    819
    821    822    824    823
    823    824    826    825
    825    826    828    827
    827    828    830    829
    831    832    834    833
    833    834    836    835
    835    836    838    837
    837    838    840    839
    841    842    844    843
    843    844    846    845
    845    846    848    847
    847    848    850    849
    851    852    854    853
    853    854    856    855
    855    856    858    857
    857    858    860    859
    861    862    864    863
    863    864    866    865
    865    866    868    867
    867    868    870    869
    871    872    874    873
    873    874    876    875
    875    876    878    877
    877    878    880    879
    881    882    884    883
    883    884    886    885
    885    886    888    887
    887    888    890    889
    891    892    894    893
    893    894    896    895
    895    896    898    897
    897    898    900    899
    901    902    904    903
    903    904    906    905
    905    906    908    907
    907    908    910    909
    911    912    914    913
    913    914    916    915
    915    916    918    917
    917    918    920    919
    921    922    924    923
    923    924    926    925
    925    926    928    927
    927    928    930    929
    931    932    934    933
    933    934    936    935
    935    936    938    937
    937    938    940    939
    941    942    944    943
    943    944    946    945
    945    946    948    947
    947    948    950    949
    951    952    954    953
    953    954    956    955
    955    956    958    957
    957    958    960    959
    961    962    964    963
    963    964    966    965
    965    966    968    967
    967    968    970    969
    971    972    974    973
    973    974    976    975
    975    976    978    977
    977    978    980    979
      0      0      0      0
